0.000000	0.000000
0.000000	0.000000
0.000000	0.000000
0.000000	0.000000
0.000000	0.000000
0.000000	0.000000
-0.000005	0.000000
-0.000005	0.000000
-0.000005	0.000000
-0.000005	0.000000
-0.000016	0.000000
-0.000016	0.000000
-0.000016	0.000000
-0.000016	0.000000
-0.000031	0.000000
-0.000031	0.000000
-0.000031	0.000000
-0.000031	0.000000
-0.000052	0.000000
-0.000052	0.000000
-0.000052	0.000000
-0.000052	0.000000
-0.000078	0.000000
-0.000078	0.000000
-0.000078	0.000000
-0.000078	0.000000
-0.000109	0.000000
-0.000109	0.000000
-0.000109	0.000000
-0.000109	0.000000
-0.000145	0.000000
-0.000145	0.000000
-0.000145	0.000000
-0.000145	0.000000
-0.000187	0.000000
-0.000187	0.000000
-0.000187	0.000000
-0.000187	0.000000
-0.000233	0.000000
-0.000233	0.000000
-0.000233	0.000000
-0.000233	0.000000
-0.000285	0.000000
-0.000285	0.000000
-0.000285	0.000000
-0.000285	0.000000
-0.000341	0.000000
-0.000341	0.000000
-0.000341	0.000000
-0.000341	0.000000
-0.000403	0.000000
-0.000403	0.000000
-0.000403	0.000000
-0.000403	0.000000
-0.000469	0.000000
-0.000469	0.000000
-0.000469	0.000000
-0.000469	0.000000
-0.000541	0.000000
-0.000541	0.000000
-0.000541	0.000000
-0.000541	0.000000
-0.000618	0.000000
-0.000618	0.000000
-0.000618	0.000000
-0.000618	0.000000
-0.000699	0.000000
-0.000699	0.000000
-0.000699	0.000000
-0.000699	0.000000
-0.000786	0.000000
-0.000786	0.000000
-0.000786	0.000000
-0.000786	0.000000
-0.000877	0.000000
-0.000877	0.000000
-0.000877	0.000000
-0.000877	0.000000
-0.000974	0.000000
-0.000974	0.000000
-0.000974	0.000000
-0.000974	0.000000
-0.001075	0.000000
-0.001075	0.000000
-0.001075	0.000000
-0.001075	0.000000
-0.001181	0.000000
-0.001181	0.000000
-0.001181	0.000000
-0.001181	0.000000
-0.001292	0.000000
-0.001292	0.000001
-0.001292	0.000001
-0.001292	0.000001
-0.001408	0.000001
-0.001408	0.000001
-0.001408	0.000001
-0.001408	0.000001
-0.001529	0.000001
-0.001529	0.000001
-0.001529	0.000001
-0.001529	0.000001
-0.001655	0.000001
-0.001655	0.000001
-0.001655	0.000001
-0.001655	0.000001
-0.001785	0.000001
-0.001785	0.000001
-0.001785	0.000001
-0.001785	0.000001
-0.001920	0.000001
-0.001920	0.000001
-0.001920	0.000001
-0.001920	0.000001
-0.002061	0.000001
-0.002061	0.000001
-0.002061	0.000001
-0.002061	0.000001
-0.002205	0.000001
-0.002205	0.000002
-0.002205	0.000002
-0.002205	0.000002
-0.002355	0.000002
-0.002355	0.000002
-0.002355	0.000002
-0.002355	0.000002
-0.002509	0.000002
-0.002509	0.000002
-0.002509	0.000002
-0.002509	0.000002
-0.002668	0.000002
-0.002668	0.000002
-0.002668	0.000002
-0.002668	0.000002
-0.002832	0.000002
-0.002832	0.000003
-0.002832	0.000003
-0.002832	0.000003
-0.003000	0.000003
-0.003000	0.000003
-0.003000	0.000003
-0.003000	0.000003
-0.003173	0.000003
-0.003173	0.000003
-0.003173	0.000003
-0.003173	0.000003
-0.003351	0.000003
-0.003351	0.000004
-0.003351	0.000004
-0.003351	0.000004
-0.003534	0.000004
-0.003534	0.000004
-0.003534	0.000004
-0.003534	0.000004
-0.003721	0.000004
-0.003721	0.000004
-0.003721	0.000004
-0.003721	0.000004
-0.003912	0.000004
-0.003912	0.000005
-0.003912	0.000005
-0.003912	0.000005
-0.004109	0.000005
-0.004109	0.000005
-0.004109	0.000005
-0.004109	0.000005
-0.004309	0.000005
-0.004309	0.000006
-0.004309	0.000006
-0.004309	0.000006
-0.004515	0.000006
-0.004515	0.000007
-0.004515	0.000007
-0.004515	0.000007
-0.004725	0.000007
-0.004725	0.000007
-0.004725	0.000007
-0.004725	0.000007
-0.004939	0.000007
-0.004939	0.000008
-0.004939	0.000008
-0.004939	0.000008
-0.005158	0.000008
-0.005158	0.000009
-0.005158	0.000009
-0.005158	0.000009
-0.005382	0.000009
-0.005382	0.000009
-0.005382	0.000009
-0.005382	0.000009
-0.005610	0.000009
-0.005610	0.000010
-0.005610	0.000010
-0.005610	0.000010
-0.005842	0.000010
-0.005842	0.000011
-0.005842	0.000011
-0.005842	0.000011
-0.006079	0.000011
-0.006079	0.000012
-0.006079	0.000012
-0.006079	0.000012
-0.006321	0.000012
-0.006321	0.000013
-0.006321	0.000013
-0.006321	0.000013
-0.006567	0.000013
-0.006567	0.000014
-0.006567	0.000014
-0.006567	0.000014
-0.006817	0.000014
-0.006817	0.000015
-0.006817	0.000015
-0.006817	0.000015
-0.007072	0.000015
-0.007072	0.000016
-0.007072	0.000016
-0.007072	0.000016
-0.007331	0.000016
-0.007331	0.000018
-0.007331	0.000018
-0.007331	0.000018
-0.007594	0.000018
-0.007594	0.000019
-0.007594	0.000019
-0.007594	0.000019
-0.007862	0.000019
-0.007862	0.000020
-0.007862	0.000020
-0.007862	0.000020
-0.008134	0.000020
-0.008134	0.000022
-0.008134	0.000022
-0.008134	0.000022
-0.008411	0.000022
-0.008411	0.000023
-0.008411	0.000023
-0.008411	0.000023
-0.008691	0.000023
-0.008691	0.000025
-0.008691	0.000025
-0.008691	0.000025
-0.008977	0.000025
-0.008977	0.000026
-0.008977	0.000026
-0.008977	0.000026
-0.009266	0.000026
-0.009266	0.000028
-0.009266	0.000028
-0.009266	0.000028
-0.009560	0.000028
-0.009560	0.000030
-0.009560	0.000030
-0.009560	0.000030
-0.009858	0.000030
-0.009858	0.000032
-0.009858	0.000032
-0.009858	0.000032
-0.010160	0.000032
-0.010160	0.000034
-0.010160	0.000034
-0.010160	0.000034
-0.010466	0.000034
-0.010466	0.000036
-0.010466	0.000036
-0.010466	0.000036
-0.010777	0.000036
-0.010777	0.000038
-0.010777	0.000038
-0.010777	0.000038
-0.011092	0.000038
-0.011092	0.000040
-0.011092	0.000040
-0.011092	0.000040
-0.011411	0.000040
-0.011411	0.000043
-0.011411	0.000043
-0.011411	0.000043
-0.011734	0.000043
-0.011734	0.000045
-0.011734	0.000045
-0.011734	0.000045
-0.012062	0.000045
-0.012062	0.000048
-0.012062	0.000048
-0.012062	0.000048
-0.012394	0.000048
-0.012394	0.000050
-0.012394	0.000050
-0.012394	0.000050
-0.012729	0.000050
-0.012729	0.000053
-0.012729	0.000053
-0.012729	0.000053
-0.013069	0.000053
-0.013069	0.000056
-0.013069	0.000056
-0.013069	0.000056
-0.013413	0.000056
-0.013413	0.000059
-0.013413	0.000059
-0.013413	0.000059
-0.013761	0.000059
-0.013761	0.000062
-0.013761	0.000062
-0.013761	0.000062
-0.014113	0.000062
-0.014113	0.000065
-0.014113	0.000065
-0.014113	0.000065
-0.014470	0.000065
-0.014470	0.000069
-0.014470	0.000069
-0.014470	0.000069
-0.014830	0.000069
-0.014830	0.000072
-0.014830	0.000072
-0.014830	0.000072
-0.015194	0.000072
-0.015194	0.000076
-0.015194	0.000076
-0.015194	0.000076
-0.015563	0.000076
-0.015563	0.000080
-0.015563	0.000080
-0.015563	0.000080
-0.015935	0.000080
-0.015935	0.000083
-0.015935	0.000083
-0.015935	0.000083
-0.016312	0.000083
-0.016312	0.000087
-0.016312	0.000087
-0.016312	0.000087
-0.016692	0.000087
-0.016692	0.000092
-0.016692	0.000092
-0.016692	0.000092
-0.017076	0.000092
-0.017076	0.000096
-0.017076	0.000096
-0.017076	0.000096
-0.017465	0.000096
-0.017465	0.000100
-0.017465	0.000100
-0.017465	0.000100
-0.017857	0.000100
-0.017857	0.000105
-0.017857	0.000105
-0.017857	0.000105
-0.018253	0.000105
-0.018253	0.000110
-0.018253	0.000110
-0.018253	0.000110
-0.018654	0.000110
-0.018654	0.000115
-0.018654	0.000115
-0.018654	0.000115
-0.019058	0.000115
-0.019058	0.000120
-0.019058	0.000120
-0.019058	0.000120
-0.019466	0.000120
-0.019466	0.000125
-0.019466	0.000125
-0.019466	0.000125
-0.019878	0.000125
-0.019878	0.000130
-0.019878	0.000130
-0.019878	0.000130
-0.020294	0.000130
-0.020294	0.000136
-0.020294	0.000136
-0.020294	0.000136
-0.020713	0.000136
-0.020713	0.000141
-0.020713	0.000141
-0.020713	0.000141
-0.021137	0.000141
-0.021137	0.000147
-0.021137	0.000147
-0.021137	0.000147
-0.021564	0.000147
-0.021564	0.000153
-0.021564	0.000153
-0.021564	0.000153
-0.021995	0.000153
-0.021995	0.000159
-0.021995	0.000159
-0.021995	0.000159
-0.022430	0.000159
-0.022430	0.000166
-0.022430	0.000166
-0.022430	0.000166
-0.022869	0.000166
-0.022869	0.000172
-0.022869	0.000172
-0.022869	0.000172
-0.023312	0.000172
-0.023312	0.000179
-0.023312	0.000179
-0.023312	0.000179
-0.023758	0.000179
-0.023758	0.000186
-0.023758	0.000186
-0.023758	0.000186
-0.024208	0.000186
-0.024208	0.000193
-0.024208	0.000193
-0.024208	0.000193
-0.024662	0.000193
-0.024662	0.000201
-0.024662	0.000201
-0.024662	0.000201
-0.025120	0.000201
-0.025120	0.000208
-0.025120	0.000208
-0.025120	0.000208
-0.025581	0.000208
-0.025581	0.000216
-0.025581	0.000216
-0.025581	0.000216
-0.026046	0.000216
-0.026046	0.000224
-0.026046	0.000224
-0.026046	0.000224
-0.026515	0.000224
-0.026515	0.000232
-0.026515	0.000232
-0.026515	0.000232
-0.026987	0.000232
-0.026987	0.000240
-0.026987	0.000240
-0.026987	0.000240
-0.027463	0.000240
-0.027463	0.000249
-0.027463	0.000249
-0.027463	0.000249
-0.027943	0.000249
-0.027943	0.000258
-0.027943	0.000258
-0.027943	0.000258
-0.028427	0.000258
-0.028427	0.000267
-0.028427	0.000267
-0.028427	0.000267
-0.028914	0.000267
-0.028914	0.000276
-0.028914	0.000276
-0.028914	0.000276
-0.029405	0.000276
-0.029405	0.000286
-0.029405	0.000286
-0.029405	0.000286
-0.029899	0.000286
-0.029899	0.000295
-0.029899	0.000295
-0.029899	0.000295
-0.030397	0.000295
-0.030397	0.000305
-0.030397	0.000305
-0.030397	0.000305
-0.030898	0.000305
-0.030898	0.000315
-0.030898	0.000315
-0.030898	0.000315
-0.031404	0.000315
-0.031404	0.000326
-0.031404	0.000326
-0.031404	0.000326
-0.031912	0.000326
-0.031912	0.000336
-0.031912	0.000336
-0.031912	0.000336
-0.032425	0.000336
-0.032425	0.000347
-0.032425	0.000347
-0.032425	0.000347
-0.032940	0.000347
-0.032940	0.000359
-0.032940	0.000359
-0.032940	0.000359
-0.033460	0.000359
-0.033460	0.000370
-0.033460	0.000370
-0.033460	0.000370
-0.033983	0.000370
-0.033983	0.000382
-0.033983	0.000382
-0.033983	0.000382
-0.034509	0.000382
-0.034509	0.000394
-0.034509	0.000394
-0.034509	0.000394
-0.035039	0.000394
-0.035039	0.000406
-0.035039	0.000406
-0.035039	0.000406
-0.035572	0.000406
-0.035572	0.000418
-0.035572	0.000418
-0.035572	0.000418
-0.036109	0.000418
-0.036109	0.000431
-0.036109	0.000431
-0.036109	0.000431
-0.036649	0.000431
-0.036649	0.000444
-0.036649	0.000444
-0.036649	0.000444
-0.037193	0.000444
-0.037193	0.000457
-0.037193	0.000457
-0.037193	0.000457
-0.037740	0.000457
-0.037740	0.000471
-0.037740	0.000471
-0.037740	0.000471
-0.038291	0.000471
-0.038291	0.000485
-0.038291	0.000485
-0.038291	0.000485
-0.038845	0.000485
-0.038845	0.000499
-0.038845	0.000499
-0.038845	0.000499
-0.039403	0.000499
-0.039403	0.000514
-0.039403	0.000514
-0.039403	0.000514
-0.039964	0.000514
-0.039964	0.000528
-0.039964	0.000528
-0.039964	0.000528
-0.040528	0.000528
-0.040528	0.000543
-0.040528	0.000543
-0.040528	0.000543
-0.041095	0.000543
-0.041095	0.000559
-0.041095	0.000559
-0.041095	0.000559
-0.041666	0.000559
-0.041666	0.000575
-0.041666	0.000575
-0.041666	0.000575
-0.042241	0.000575
-0.042241	0.000591
-0.042241	0.000591
-0.042241	0.000591
-0.042819	0.000591
-0.042819	0.000607
-0.042819	0.000607
-0.042819	0.000607
-0.043400	0.000607
-0.043400	0.000623
-0.043400	0.000623
-0.043400	0.000623
-0.043984	0.000623
-0.043984	0.000640
-0.043984	0.000640
-0.043984	0.000640
-0.044572	0.000640
-0.044572	0.000658
-0.044572	0.000658
-0.044572	0.000658
-0.045163	0.000658
-0.045163	0.000675
-0.045163	0.000675
-0.045163	0.000675
-0.045757	0.000675
-0.045757	0.000693
-0.045757	0.000693
-0.045757	0.000693
-0.046354	0.000693
-0.046354	0.000711
-0.046354	0.000711
-0.046354	0.000711
-0.046955	0.000711
-0.046955	0.000730
-0.046955	0.000730
-0.046955	0.000730
-0.047559	0.000730
-0.047559	0.000749
-0.047559	0.000749
-0.047559	0.000749
-0.048166	0.000749
-0.048166	0.000768
-0.048166	0.000768
-0.048166	0.000768
-0.048777	0.000768
-0.048777	0.000788
-0.048777	0.000788
-0.048777	0.000788
-0.049391	0.000788
-0.049391	0.000808
-0.049391	0.000808
-0.049391	0.000808
-0.050008	0.000808
-0.050008	0.000828
-0.050008	0.000828
-0.050008	0.000828
-0.050628	0.000828
-0.050628	0.000849
-0.050628	0.000849
-0.050628	0.000849
-0.051251	0.000849
-0.051251	0.000870
-0.051251	0.000870
-0.051251	0.000870
-0.051878	0.000870
-0.051878	0.000892
-0.051878	0.000892
-0.051878	0.000892
-0.052507	0.000892
-0.052507	0.000914
-0.052507	0.000914
-0.052507	0.000914
-0.053140	0.000914
-0.053140	0.000936
-0.053140	0.000936
-0.053140	0.000936
-0.053776	0.000936
-0.053776	0.000958
-0.053776	0.000958
-0.053776	0.000958
-0.054415	0.000958
-0.054415	0.000981
-0.054415	0.000981
-0.054415	0.000981
-0.055057	0.000981
-0.055057	0.001005
-0.055057	0.001005
-0.055057	0.001005
-0.055703	0.001005
-0.055703	0.001028
-0.055703	0.001028
-0.055703	0.001028
-0.056351	0.001028
-0.056351	0.001053
-0.056351	0.001053
-0.056351	0.001053
-0.057003	0.001053
-0.057003	0.001077
-0.057003	0.001077
-0.057003	0.001077
-0.057657	0.001077
-0.057657	0.001102
-0.057657	0.001102
-0.057657	0.001102
-0.058315	0.001102
-0.058315	0.001127
-0.058315	0.001127
-0.058315	0.001127
-0.058976	0.001127
-0.058976	0.001153
-0.058976	0.001153
-0.058976	0.001153
-0.059640	0.001153
-0.059640	0.001179
-0.059640	0.001179
-0.059640	0.001179
-0.060306	0.001179
-0.060306	0.001206
-0.060306	0.001206
-0.060306	0.001206
-0.060976	0.001206
-0.060976	0.001233
-0.060976	0.001233
-0.060976	0.001233
-0.061649	0.001233
-0.061649	0.001260
-0.061649	0.001260
-0.061649	0.001260
-0.062325	0.001260
-0.062325	0.001288
-0.062325	0.001288
-0.062325	0.001288
-0.063004	0.001288
-0.063004	0.001317
-0.063004	0.001317
-0.063004	0.001317
-0.063686	0.001317
-0.063686	0.001345
-0.063686	0.001345
-0.063686	0.001345
-0.064371	0.001345
-0.064371	0.001374
-0.064371	0.001374
-0.064371	0.001374
-0.065059	0.001374
-0.065059	0.001404
-0.065059	0.001404
-0.065059	0.001404
-0.065750	0.001404
-0.065750	0.001434
-0.065750	0.001434
-0.065750	0.001434
-0.066443	0.001434
-0.066443	0.001465
-0.066443	0.001465
-0.066443	0.001465
-0.067140	0.001465
-0.067140	0.001496
-0.067140	0.001496
-0.067140	0.001496
-0.067840	0.001496
-0.067840	0.001527
-0.067840	0.001527
-0.067840	0.001527
-0.068542	0.001527
-0.068542	0.001559
-0.068542	0.001559
-0.068542	0.001559
-0.069248	0.001559
-0.069248	0.001591
-0.069248	0.001591
-0.069248	0.001591
-0.069956	0.001591
-0.069956	0.001624
-0.069956	0.001624
-0.069956	0.001624
-0.070667	0.001624
-0.070667	0.001657
-0.070667	0.001657
-0.070667	0.001657
-0.071382	0.001657
-0.071382	0.001691
-0.071382	0.001691
-0.071382	0.001691
-0.072099	0.001691
-0.072099	0.001725
-0.072099	0.001725
-0.072099	0.001725
-0.072819	0.001725
-0.072819	0.001760
-0.072819	0.001760
-0.072819	0.001760
-0.073541	0.001760
-0.073541	0.001795
-0.073541	0.001795
-0.073541	0.001795
-0.074267	0.001795
-0.074267	0.001831
-0.074267	0.001831
-0.074267	0.001831
-0.074995	0.001831
-0.074995	0.001867
-0.074995	0.001867
-0.074995	0.001867
-0.075727	0.001867
-0.075727	0.001904
-0.075727	0.001904
-0.075727	0.001904
-0.076461	0.001904
-0.076461	0.001941
-0.076461	0.001941
-0.076461	0.001941
-0.077197	0.001941
-0.077197	0.001979
-0.077197	0.001979
-0.077197	0.001979
-0.077937	0.001979
-0.077937	0.002017
-0.077937	0.002017
-0.077937	0.002017
-0.078679	0.002017
-0.078679	0.002056
-0.078679	0.002056
-0.078679	0.002056
-0.079425	0.002056
-0.079425	0.002095
-0.079425	0.002095
-0.079425	0.002095
-0.080173	0.002095
-0.080173	0.002134
-0.080173	0.002134
-0.080173	0.002134
-0.080923	0.002134
-0.080923	0.002175
-0.080923	0.002175
-0.080923	0.002175
-0.081677	0.002175
-0.081677	0.002216
-0.081677	0.002216
-0.081677	0.002216
-0.082433	0.002216
-0.082433	0.002257
-0.082433	0.002257
-0.082433	0.002257
-0.083192	0.002257
-0.083192	0.002299
-0.083192	0.002299
-0.083192	0.002299
-0.083954	0.002299
-0.083954	0.002341
-0.083954	0.002341
-0.083954	0.002341
-0.084718	0.002341
-0.084718	0.002384
-0.084718	0.002384
-0.084718	0.002384
-0.085485	0.002384
-0.085485	0.002428
-0.085485	0.002428
-0.085485	0.002428
-0.086255	0.002428
-0.086255	0.002472
-0.086255	0.002472
-0.086255	0.002472
-0.087027	0.002472
-0.087027	0.002516
-0.087027	0.002516
-0.087027	0.002516
-0.087802	0.002516
-0.087802	0.002561
-0.087802	0.002561
-0.087802	0.002561
-0.088580	0.002561
-0.088580	0.002607
-0.088580	0.002607
-0.088580	0.002607
-0.089360	0.002607
-0.089360	0.002653
-0.089360	0.002653
-0.089360	0.002653
-0.090143	0.002653
-0.090143	0.002700
-0.090143	0.002700
-0.090143	0.002700
-0.090929	0.002700
-0.090929	0.002747
-0.090929	0.002747
-0.090929	0.002747
-0.091717	0.002747
-0.091717	0.002795
-0.091717	0.002795
-0.091717	0.002795
-0.092508	0.002795
-0.092508	0.002844
-0.092508	0.002844
-0.092508	0.002844
-0.093302	0.002844
-0.093302	0.002893
-0.093302	0.002893
-0.093302	0.002893
-0.094098	0.002893
-0.094098	0.002943
-0.094098	0.002943
-0.094098	0.002943
-0.094897	0.002943
-0.094897	0.002993
-0.094897	0.002993
-0.094897	0.002993
-0.095698	0.002993
-0.095698	0.003044
-0.095698	0.003044
-0.095698	0.003044
-0.096502	0.003044
-0.096502	0.003096
-0.096502	0.003096
-0.096502	0.003096
-0.097308	0.003096
-0.097308	0.003148
-0.097308	0.003148
-0.097308	0.003148
-0.098117	0.003148
-0.098117	0.003200
-0.098117	0.003200
-0.098117	0.003200
-0.098929	0.003200
-0.098929	0.003254
-0.098929	0.003254
-0.098929	0.003254
-0.099743	0.003254
-0.099743	0.003308
-0.099743	0.003308
-0.099743	0.003308
-0.100560	0.003308
-0.100560	0.003362
-0.100560	0.003362
-0.100560	0.003362
-0.101379	0.003362
-0.101379	0.003417
-0.101379	0.003417
-0.101379	0.003417
-0.102200	0.003417
-0.102200	0.003473
-0.102200	0.003473
-0.102200	0.003473
-0.103024	0.003473
-0.103024	0.003529
-0.103024	0.003529
-0.103024	0.003529
-0.103851	0.003529
-0.103851	0.003587
-0.103851	0.003587
-0.103851	0.003587
-0.104680	0.003587
-0.104680	0.003644
-0.104680	0.003644
-0.104680	0.003644
-0.105512	0.003644
-0.105512	0.003702
-0.105512	0.003702
-0.105512	0.003702
-0.106346	0.003702
-0.106346	0.003761
-0.106346	0.003761
-0.106346	0.003761
-0.107182	0.003761
-0.107182	0.003821
-0.107182	0.003821
-0.107182	0.003821
-0.108021	0.003821
-0.108021	0.003881
-0.108021	0.003881
-0.108021	0.003881
-0.108862	0.003881
-0.108862	0.003942
-0.108862	0.003942
-0.108862	0.003942
-0.109706	0.003942
-0.109706	0.004004
-0.109706	0.004004
-0.109706	0.004004
-0.110552	0.004004
-0.110552	0.004066
-0.110552	0.004066
-0.110552	0.004066
-0.111401	0.004066
-0.111401	0.004129
-0.111401	0.004129
-0.111401	0.004129
-0.112252	0.004129
-0.112252	0.004192
-0.112252	0.004192
-0.112252	0.004192
-0.113105	0.004192
-0.113105	0.004256
-0.113105	0.004256
-0.113105	0.004256
-0.113961	0.004256
-0.113961	0.004321
-0.113961	0.004321
-0.113961	0.004321
-0.114819	0.004321
-0.114819	0.004387
-0.114819	0.004387
-0.114819	0.004387
-0.115680	0.004387
-0.115680	0.004453
-0.115680	0.004453
-0.115680	0.004453
-0.116543	0.004453
-0.116543	0.004520
-0.116543	0.004520
-0.116543	0.004520
-0.117408	0.004520
-0.117408	0.004587
-0.117408	0.004587
-0.117408	0.004587
-0.118276	0.004587
-0.118276	0.004656
-0.118276	0.004656
-0.118276	0.004656
-0.119146	0.004656
-0.119146	0.004725
-0.119146	0.004725
-0.119146	0.004725
-0.120018	0.004725
-0.120018	0.004794
-0.120018	0.004794
-0.120018	0.004794
-0.120893	0.004794
-0.120893	0.004865
-0.120893	0.004865
-0.120893	0.004865
-0.121770	0.004865
-0.121770	0.004936
-0.121770	0.004936
-0.121770	0.004936
-0.122649	0.004936
-0.122649	0.005007
-0.122649	0.005007
-0.122649	0.005007
-0.123530	0.005007
-0.123530	0.005080
-0.123530	0.005080
-0.123530	0.005080
-0.124414	0.005080
-0.124414	0.005153
-0.124414	0.005153
-0.124414	0.005153
-0.125300	0.005153
-0.125300	0.005227
-0.125300	0.005227
-0.125300	0.005227
-0.126189	0.005227
-0.126189	0.005302
-0.126189	0.005302
-0.126189	0.005302
-0.127079	0.005302
-0.127079	0.005377
-0.127079	0.005377
-0.127079	0.005377
-0.127972	0.005377
-0.127972	0.005453
-0.127972	0.005453
-0.127972	0.005453
-0.128867	0.005453
-0.128867	0.005530
-0.128867	0.005530
-0.128867	0.005530
-0.129764	0.005530
-0.129764	0.005607
-0.129764	0.005607
-0.129764	0.005607
-0.130664	0.005607
-0.130664	0.005686
-0.130664	0.005686
-0.130664	0.005686
-0.131566	0.005686
-0.131566	0.005765
-0.131566	0.005765
-0.131566	0.005765
-0.132470	0.005765
-0.132470	0.005844
-0.132470	0.005844
-0.132470	0.005844
-0.133376	0.005844
-0.133376	0.005925
-0.133376	0.005925
-0.133376	0.005925
-0.134284	0.005925
-0.134284	0.006006
-0.134284	0.006006
-0.134284	0.006006
-0.135195	0.006006
-0.135195	0.006088
-0.135195	0.006088
-0.135195	0.006088
-0.136108	0.006088
-0.136108	0.006171
-0.136108	0.006171
-0.136108	0.006171
-0.137023	0.006171
-0.137023	0.006255
-0.137023	0.006255
-0.137023	0.006255
-0.137940	0.006255
-0.137940	0.006339
-0.137940	0.006339
-0.137940	0.006339
-0.138859	0.006339
-0.138859	0.006424
-0.138859	0.006424
-0.138859	0.006424
-0.139780	0.006424
-0.139780	0.006510
-0.139780	0.006510
-0.139780	0.006510
-0.140704	0.006510
-0.140704	0.006596
-0.140704	0.006596
-0.140704	0.006596
-0.141630	0.006596
-0.141630	0.006684
-0.141630	0.006684
-0.141630	0.006684
-0.142557	0.006684
-0.142557	0.006772
-0.142557	0.006772
-0.142557	0.006772
-0.143487	0.006772
-0.143487	0.006861
-0.143487	0.006861
-0.143487	0.006861
-0.144419	0.006861
-0.144419	0.006951
-0.144419	0.006951
-0.144419	0.006951
-0.145354	0.006951
-0.145354	0.007041
-0.145354	0.007041
-0.145354	0.007041
-0.146290	0.007041
-0.146290	0.007133
-0.146290	0.007133
-0.146290	0.007133
-0.147228	0.007133
-0.147228	0.007225
-0.147228	0.007225
-0.147228	0.007225
-0.148168	0.007225
-0.148168	0.007318
-0.148168	0.007318
-0.148168	0.007318
-0.149111	0.007318
-0.149111	0.007411
-0.149111	0.007411
-0.149111	0.007411
-0.150055	0.007411
-0.150055	0.007506
-0.150055	0.007506
-0.150055	0.007506
-0.151002	0.007506
-0.151002	0.007601
-0.151002	0.007601
-0.151002	0.007601
-0.151951	0.007601
-0.151951	0.007698
-0.151951	0.007698
-0.151951	0.007698
-0.152901	0.007698
-0.152901	0.007795
-0.152901	0.007795
-0.152901	0.007795
-0.153854	0.007795
-0.153854	0.007892
-0.153854	0.007892
-0.153854	0.007892
-0.154809	0.007892
-0.154809	0.007991
-0.154809	0.007991
-0.154809	0.007991
-0.155765	0.007991
-0.155765	0.008091
-0.155765	0.008091
-0.155765	0.008091
-0.156724	0.008091
-0.156724	0.008191
-0.156724	0.008191
-0.156724	0.008191
-0.157685	0.008191
-0.157685	0.008292
-0.157685	0.008292
-0.157685	0.008292
-0.158648	0.008292
-0.158648	0.008394
-0.158648	0.008394
-0.158648	0.008394
-0.159612	0.008394
-0.159612	0.008497
-0.159612	0.008497
-0.159612	0.008497
-0.160579	0.008497
-0.160579	0.008600
-0.160579	0.008600
-0.160579	0.008600
-0.161548	0.008600
-0.161548	0.008705
-0.161548	0.008705
-0.161548	0.008705
-0.162518	0.008705
-0.162518	0.008810
-0.162518	0.008810
-0.162518	0.008810
-0.163491	0.008810
-0.163491	0.008917
-0.163491	0.008917
-0.163491	0.008917
-0.164465	0.008917
-0.164465	0.009024
-0.164465	0.009024
-0.164465	0.009024
-0.165442	0.009024
-0.165442	0.009132
-0.165442	0.009132
-0.165442	0.009132
-0.166420	0.009132
-0.166420	0.009240
-0.166420	0.009240
-0.166420	0.009240
-0.167401	0.009240
-0.167401	0.009350
-0.167401	0.009350
-0.167401	0.009350
-0.168383	0.009350
-0.168383	0.009461
-0.168383	0.009461
-0.168383	0.009461
-0.169367	0.009461
-0.169367	0.009572
-0.169367	0.009572
-0.169367	0.009572
-0.170353	0.009572
-0.170353	0.009684
-0.170353	0.009684
-0.170353	0.009684
-0.171341	0.009684
-0.171341	0.009798
-0.171341	0.009798
-0.171341	0.009798
-0.172331	0.009798
-0.172331	0.009912
-0.172331	0.009912
-0.172331	0.009912
-0.173323	0.009912
-0.173323	0.010026
-0.173323	0.010026
-0.173323	0.010026
-0.174316	0.010026
-0.174316	0.010142
-0.174316	0.010142
-0.174316	0.010142
-0.175312	0.010142
-0.175312	0.010259
-0.175312	0.010259
-0.175312	0.010259
-0.176309	0.010259
-0.176309	0.010377
-0.176309	0.010377
-0.176309	0.010377
-0.177308	0.010377
-0.177308	0.010495
-0.177308	0.010495
-0.177308	0.010495
-0.178309	0.010495
-0.178309	0.010615
-0.178309	0.010615
-0.178309	0.010615
-0.179312	0.010615
-0.179312	0.010735
-0.179312	0.010735
-0.179312	0.010735
-0.180317	0.010735
-0.180317	0.010856
-0.180317	0.010856
-0.180317	0.010856
-0.181324	0.010856
-0.181324	0.010978
-0.181324	0.010978
-0.181324	0.010978
-0.182332	0.010978
-0.182332	0.011101
-0.182332	0.011101
-0.182332	0.011101
-0.183342	0.011101
-0.183342	0.011225
-0.183342	0.011225
-0.183342	0.011225
-0.184354	0.011225
-0.184354	0.011350
-0.184354	0.011350
-0.184354	0.011350
-0.185368	0.011350
-0.185368	0.011476
-0.185368	0.011476
-0.185368	0.011476
-0.186383	0.011476
-0.186383	0.011603
-0.186383	0.011603
-0.186383	0.011603
-0.187401	0.011603
-0.187401	0.011730
-0.187401	0.011730
-0.187401	0.011730
-0.188420	0.011730
-0.188420	0.011859
-0.188420	0.011859
-0.188420	0.011859
-0.189441	0.011859
-0.189441	0.011989
-0.189441	0.011989
-0.189441	0.011989
-0.190463	0.011989
-0.190463	0.012119
-0.190463	0.012119
-0.190463	0.012119
-0.191488	0.012119
-0.191488	0.012250
-0.191488	0.012250
-0.191488	0.012250
-0.192514	0.012250
-0.192514	0.012383
-0.192514	0.012383
-0.192514	0.012383
-0.193542	0.012383
-0.193542	0.012516
-0.193542	0.012516
-0.193542	0.012516
-0.194571	0.012516
-0.194571	0.012650
-0.194571	0.012650
-0.194571	0.012650
-0.195603	0.012650
-0.195603	0.012786
-0.195603	0.012786
-0.195603	0.012786
-0.196636	0.012786
-0.196636	0.012922
-0.196636	0.012922
-0.196636	0.012922
-0.197670	0.012922
-0.197670	0.013059
-0.197670	0.013059
-0.197670	0.013059
-0.198707	0.013059
-0.198707	0.013197
-0.198707	0.013197
-0.198707	0.013197
-0.199745	0.013197
-0.199745	0.013336
-0.199745	0.013336
-0.199745	0.013336
-0.200785	0.013336
-0.200785	0.013476
-0.200785	0.013476
-0.200785	0.013476
-0.201827	0.013476
-0.201827	0.013617
-0.201827	0.013617
-0.201827	0.013617
-0.202870	0.013617
-0.202870	0.013759
-0.202870	0.013759
-0.202870	0.013759
-0.203915	0.013759
-0.203915	0.013902
-0.203915	0.013902
-0.203915	0.013902
-0.204961	0.013902
-0.204961	0.014046
-0.204961	0.014046
-0.204961	0.014046
-0.206009	0.014046
-0.206009	0.014191
-0.206009	0.014191
-0.206009	0.014191
-0.207059	0.014191
-0.207059	0.014337
-0.207059	0.014337
-0.207059	0.014337
-0.208111	0.014337
-0.208111	0.014483
-0.208111	0.014483
-0.208111	0.014483
-0.209164	0.014483
-0.209164	0.014631
-0.209164	0.014631
-0.209164	0.014631
-0.210219	0.014631
-0.210219	0.014780
-0.210219	0.014780
-0.210219	0.014780
-0.211275	0.014780
-0.211275	0.014930
-0.211275	0.014930
-0.211275	0.014930
-0.212333	0.014930
-0.212333	0.015081
-0.212333	0.015081
-0.212333	0.015081
-0.213393	0.015081
-0.213393	0.015233
-0.213393	0.015233
-0.213393	0.015233
-0.214454	0.015233
-0.214454	0.015385
-0.214454	0.015385
-0.214454	0.015385
-0.215517	0.015385
-0.215517	0.015539
-0.215517	0.015539
-0.215517	0.015539
-0.216581	0.015539
-0.216581	0.015694
-0.216581	0.015694
-0.216581	0.015694
-0.217647	0.015694
-0.217647	0.015850
-0.217647	0.015850
-0.217647	0.015850
-0.218715	0.015850
-0.218715	0.016007
-0.218715	0.016007
-0.218715	0.016007
-0.219784	0.016007
-0.219784	0.016165
-0.219784	0.016165
-0.219784	0.016165
-0.220855	0.016165
-0.220855	0.016324
-0.220855	0.016324
-0.220855	0.016324
-0.221927	0.016324
-0.221927	0.016484
-0.221927	0.016484
-0.221927	0.016484
-0.223001	0.016484
-0.223001	0.016645
-0.223001	0.016645
-0.223001	0.016645
-0.224076	0.016645
-0.224076	0.016807
-0.224076	0.016807
-0.224076	0.016807
-0.225153	0.016807
-0.225153	0.016970
-0.225153	0.016970
-0.225153	0.016970
-0.226231	0.016970
-0.226231	0.017134
-0.226231	0.017134
-0.226231	0.017134
-0.227311	0.017134
-0.227311	0.017299
-0.227311	0.017299
-0.227311	0.017299
-0.228393	0.017299
-0.228393	0.017465
-0.228393	0.017465
-0.228393	0.017465
-0.229476	0.017465
-0.229476	0.017632
-0.229476	0.017632
-0.229476	0.017632
-0.230560	0.017632
-0.230560	0.017801
-0.230560	0.017801
-0.230560	0.017801
-0.231646	0.017801
-0.231646	0.017970
-0.231646	0.017970
-0.231646	0.017970
-0.232733	0.017970
-0.232733	0.018140
-0.232733	0.018140
-0.232733	0.018140
-0.233822	0.018140
-0.233822	0.018312
-0.233822	0.018312
-0.233822	0.018312
-0.234913	0.018312
-0.234913	0.018484
-0.234913	0.018484
-0.234913	0.018484
-0.236005	0.018484
-0.236005	0.018658
-0.236005	0.018658
-0.236005	0.018658
-0.237098	0.018658
-0.237098	0.018832
-0.237098	0.018832
-0.237098	0.018832
-0.238193	0.018832
-0.238193	0.019008
-0.238193	0.019008
-0.238193	0.019008
-0.239289	0.019008
-0.239289	0.019184
-0.239289	0.019184
-0.239289	0.019184
-0.240387	0.019184
-0.240387	0.019362
-0.240387	0.019362
-0.240387	0.019362
-0.241486	0.019362
-0.241486	0.019541
-0.241486	0.019541
-0.241486	0.019541
-0.242587	0.019541
-0.242587	0.019721
-0.242587	0.019721
-0.242587	0.019721
-0.243689	0.019721
-0.243689	0.019902
-0.243689	0.019902
-0.243689	0.019902
-0.244792	0.019902
-0.244792	0.020084
-0.244792	0.020084
-0.244792	0.020084
-0.245897	0.020084
-0.245897	0.020267
-0.245897	0.020267
-0.245897	0.020267
-0.247003	0.020267
-0.247003	0.020451
-0.247003	0.020451
-0.247003	0.020451
-0.248111	0.020451
-0.248111	0.020637
-0.248111	0.020637
-0.248111	0.020637
-0.249220	0.020637
-0.249220	0.020823
-0.249220	0.020823
-0.249220	0.020823
-0.250331	0.020823
-0.250331	0.021011
-0.250331	0.021011
-0.250331	0.021011
-0.251442	0.021011
-0.251442	0.021199
-0.251442	0.021199
-0.251442	0.021199
-0.252556	0.021199
-0.252556	0.021389
-0.252556	0.021389
-0.252556	0.021389
-0.253670	0.021389
-0.253670	0.021580
-0.253670	0.021580
-0.253670	0.021580
-0.254786	0.021580
-0.254786	0.021772
-0.254786	0.021772
-0.254786	0.021772
-0.255904	0.021772
-0.255904	0.021965
-0.255904	0.021965
-0.255904	0.021965
-0.257022	0.021965
-0.257022	0.022159
-0.257022	0.022159
-0.257022	0.022159
-0.258142	0.022159
-0.258142	0.022354
-0.258142	0.022354
-0.258142	0.022354
-0.259264	0.022354
-0.259264	0.022550
-0.259264	0.022550
-0.259264	0.022550
-0.260386	0.022550
-0.260386	0.022748
-0.260386	0.022748
-0.260386	0.022748
-0.261510	0.022748
-0.261510	0.022946
-0.261510	0.022946
-0.261510	0.022946
-0.262636	0.022946
-0.262636	0.023146
-0.262636	0.023146
-0.262636	0.023146
-0.263762	0.023146
-0.263762	0.023347
-0.263762	0.023347
-0.263762	0.023347
-0.264890	0.023347
-0.264890	0.023549
-0.264890	0.023549
-0.264890	0.023549
-0.266020	0.023549
-0.266020	0.023752
-0.266020	0.023752
-0.266020	0.023752
-0.267150	0.023752
-0.267150	0.023956
-0.267150	0.023956
-0.267150	0.023956
-0.268282	0.023956
-0.268282	0.024161
-0.268282	0.024161
-0.268282	0.024161
-0.269415	0.024161
-0.269415	0.024368
-0.269415	0.024368
-0.269415	0.024368
-0.270550	0.024368
-0.270550	0.024575
-0.270550	0.024575
-0.270550	0.024575
-0.271685	0.024575
-0.271685	0.024784
-0.271685	0.024784
-0.271685	0.024784
-0.272822	0.024784
-0.272822	0.024994
-0.272822	0.024994
-0.272822	0.024994
-0.273961	0.024994
-0.273961	0.025205
-0.273961	0.025205
-0.273961	0.025205
-0.275100	0.025205
-0.275100	0.025417
-0.275100	0.025417
-0.275100	0.025417
-0.276241	0.025417
-0.276241	0.025630
-0.276241	0.025630
-0.276241	0.025630
-0.277383	0.025630
-0.277383	0.025845
-0.277383	0.025845
-0.277383	0.025845
-0.278526	0.025845
-0.278526	0.026060
-0.278526	0.026060
-0.278526	0.026060
-0.279671	0.026060
-0.279671	0.026277
-0.279671	0.026277
-0.279671	0.026277
-0.280816	0.026277
-0.280816	0.026495
-0.280816	0.026495
-0.280816	0.026495
-0.281963	0.026495
-0.281963	0.026714
-0.281963	0.026714
-0.281963	0.026714
-0.283111	0.026714
-0.283111	0.026934
-0.283111	0.026934
-0.283111	0.026934
-0.284261	0.026934
-0.284261	0.027155
-0.284261	0.027155
-0.284261	0.027155
-0.285411	0.027155
-0.285411	0.027378
-0.285411	0.027378
-0.285411	0.027378
-0.286563	0.027378
-0.286563	0.027602
-0.286563	0.027602
-0.286563	0.027602
-0.287716	0.027602
-0.287716	0.027826
-0.287716	0.027826
-0.287716	0.027826
-0.288870	0.027826
-0.288870	0.028053
-0.288870	0.028053
-0.288870	0.028053
-0.290025	0.028053
-0.290025	0.028280
-0.290025	0.028280
-0.290025	0.028280
-0.291182	0.028280
-0.291182	0.028508
-0.291182	0.028508
-0.291182	0.028508
-0.292340	0.028508
-0.292340	0.028738
-0.292340	0.028738
-0.292340	0.028738
-0.293498	0.028738
-0.293498	0.028969
-0.293498	0.028969
-0.293498	0.028969
-0.294658	0.028969
-0.294658	0.029200
-0.294658	0.029200
-0.294658	0.029200
-0.295820	0.029200
-0.295820	0.029434
-0.295820	0.029434
-0.295820	0.029434
-0.296982	0.029434
-0.296982	0.029668
-0.296982	0.029668
-0.296982	0.029668
-0.298145	0.029668
-0.298145	0.029903
-0.298145	0.029903
-0.298145	0.029903
-0.299310	0.029903
-0.299310	0.030140
-0.299310	0.030140
-0.299310	0.030140
-0.300475	0.030140
-0.300475	0.030378
-0.300475	0.030378
-0.300475	0.030378
-0.301642	0.030378
-0.301642	0.030617
-0.301642	0.030617
-0.301642	0.030617
-0.302810	0.030617
-0.302810	0.030857
-0.302810	0.030857
-0.302810	0.030857
-0.303979	0.030857
-0.303979	0.031099
-0.303979	0.031099
-0.303979	0.031099
-0.305149	0.031099
-0.305149	0.031341
-0.305149	0.031341
-0.305149	0.031341
-0.306321	0.031341
-0.306321	0.031585
-0.306321	0.031585
-0.306321	0.031585
-0.307493	0.031585
-0.307493	0.031830
-0.307493	0.031830
-0.307493	0.031830
-0.308666	0.031830
-0.308666	0.032077
-0.308666	0.032077
-0.308666	0.032077
-0.309841	0.032077
-0.309841	0.032324
-0.309841	0.032324
-0.309841	0.032324
-0.311016	0.032324
-0.311016	0.032573
-0.311016	0.032573
-0.311016	0.032573
-0.312193	0.032573
-0.312193	0.032823
-0.312193	0.032823
-0.312193	0.032823
-0.313371	0.032823
-0.313371	0.033074
-0.313371	0.033074
-0.313371	0.033074
-0.314550	0.033074
-0.314550	0.033326
-0.314550	0.033326
-0.314550	0.033326
-0.315729	0.033326
-0.315729	0.033580
-0.315729	0.033580
-0.315729	0.033580
-0.316910	0.033580
-0.316910	0.033835
-0.316910	0.033835
-0.316910	0.033835
-0.318092	0.033835
-0.318092	0.034091
-0.318092	0.034091
-0.318092	0.034091
-0.319275	0.034091
-0.319275	0.034348
-0.319275	0.034348
-0.319275	0.034348
-0.320459	0.034348
-0.320459	0.034607
-0.320459	0.034607
-0.320459	0.034607
-0.321644	0.034607
-0.321644	0.034866
-0.321644	0.034866
-0.321644	0.034866
-0.322830	0.034866
-0.322830	0.035127
-0.322830	0.035127
-0.322830	0.035127
-0.324017	0.035127
-0.324017	0.035389
-0.324017	0.035389
-0.324017	0.035389
-0.325206	0.035389
-0.325206	0.035653
-0.325206	0.035653
-0.325206	0.035653
-0.326395	0.035653
-0.326395	0.035918
-0.326395	0.035918
-0.326395	0.035918
-0.327585	0.035918
-0.327585	0.036183
-0.327585	0.036183
-0.327585	0.036183
-0.328776	0.036183
-0.328776	0.036451
-0.328776	0.036451
-0.328776	0.036451
-0.329968	0.036451
-0.329968	0.036719
-0.329968	0.036719
-0.329968	0.036719
-0.331161	0.036719
-0.331161	0.036989
-0.331161	0.036989
-0.331161	0.036989
-0.332355	0.036989
-0.332355	0.037259
-0.332355	0.037259
-0.332355	0.037259
-0.333550	0.037259
-0.333550	0.037532
-0.333550	0.037532
-0.333550	0.037532
-0.334746	0.037532
-0.334746	0.037805
-0.334746	0.037805
-0.334746	0.037805
-0.335943	0.037805
-0.335943	0.038080
-0.335943	0.038080
-0.335943	0.038080
-0.337141	0.038080
-0.337141	0.038355
-0.337141	0.038355
-0.337141	0.038355
-0.338340	0.038355
-0.338340	0.038633
-0.338340	0.038633
-0.338340	0.038633
-0.339540	0.038633
-0.339540	0.038911
-0.339540	0.038911
-0.339540	0.038911
-0.340740	0.038911
-0.340740	0.039191
-0.340740	0.039191
-0.340740	0.039191
-0.341942	0.039191
-0.341942	0.039472
-0.341942	0.039472
-0.341942	0.039472
-0.343145	0.039472
-0.343145	0.039754
-0.343145	0.039754
-0.343145	0.039754
-0.344348	0.039754
-0.344348	0.040037
-0.344348	0.040037
-0.344348	0.040037
-0.345553	0.040037
-0.345553	0.040322
-0.345553	0.040322
-0.345553	0.040322
-0.346758	0.040322
-0.346758	0.040608
-0.346758	0.040608
-0.346758	0.040608
-0.347964	0.040608
-0.347964	0.040895
-0.347964	0.040895
-0.347964	0.040895
-0.349172	0.040895
-0.349172	0.041184
-0.349172	0.041184
-0.349172	0.041184
-0.350380	0.041184
-0.350380	0.041473
-0.350380	0.041473
-0.350380	0.041473
-0.351589	0.041473
-0.351589	0.041764
-0.351589	0.041764
-0.351589	0.041764
-0.352799	0.041764
-0.352799	0.042057
-0.352799	0.042057
-0.352799	0.042057
-0.354009	0.042057
-0.354009	0.042350
-0.354009	0.042350
-0.354009	0.042350
-0.355221	0.042350
-0.355221	0.042645
-0.355221	0.042645
-0.355221	0.042645
-0.356434	0.042645
-0.356434	0.042942
-0.356434	0.042942
-0.356434	0.042942
-0.357647	0.042942
-0.357647	0.043239
-0.357647	0.043239
-0.357647	0.043239
-0.358861	0.043239
-0.358861	0.043538
-0.358861	0.043538
-0.358861	0.043538
-0.360076	0.043538
-0.360076	0.043838
-0.360076	0.043838
-0.360076	0.043838
-0.361292	0.043838
-0.361292	0.044139
-0.361292	0.044139
-0.361292	0.044139
-0.362509	0.044139
-0.362509	0.044442
-0.362509	0.044442
-0.362509	0.044442
-0.363727	0.044442
-0.363727	0.044746
-0.363727	0.044746
-0.363727	0.044746
-0.364945	0.044746
-0.364945	0.045051
-0.364945	0.045051
-0.364945	0.045051
-0.366165	0.045051
-0.366165	0.045358
-0.366165	0.045358
-0.366165	0.045358
-0.367385	0.045358
-0.367385	0.045665
-0.367385	0.045665
-0.367385	0.045665
-0.368606	0.045665
-0.368606	0.045974
-0.368606	0.045974
-0.368606	0.045974
-0.369828	0.045974
-0.369828	0.046285
-0.369828	0.046285
-0.369828	0.046285
-0.371050	0.046285
-0.371050	0.046597
-0.371050	0.046597
-0.371050	0.046597
-0.372274	0.046597
-0.372274	0.046910
-0.372274	0.046910
-0.372274	0.046910
-0.373498	0.046910
-0.373498	0.047224
-0.373498	0.047224
-0.373498	0.047224
-0.374723	0.047224
-0.374723	0.047540
-0.374723	0.047540
-0.374723	0.047540
-0.375949	0.047540
-0.375949	0.047857
-0.375949	0.047857
-0.375949	0.047857
-0.377175	0.047857
-0.377175	0.048175
-0.377175	0.048175
-0.377175	0.048175
-0.378403	0.048175
-0.378403	0.048494
-0.378403	0.048494
-0.378403	0.048494
-0.379631	0.048494
-0.379631	0.048815
-0.379631	0.048815
-0.379631	0.048815
-0.380860	0.048815
-0.380860	0.049137
-0.380860	0.049137
-0.380860	0.049137
-0.382089	0.049137
-0.382089	0.049461
-0.382089	0.049461
-0.382089	0.049461
-0.383320	0.049461
-0.383320	0.049786
-0.383320	0.049786
-0.383320	0.049786
-0.384551	0.049786
-0.384551	0.050112
-0.384551	0.050112
-0.384551	0.050112
-0.385783	0.050112
-0.385783	0.050439
-0.385783	0.050439
-0.385783	0.050439
-0.387016	0.050439
-0.387016	0.050768
-0.387016	0.050768
-0.387016	0.050768
-0.388249	0.050768
-0.388249	0.051098
-0.388249	0.051098
-0.388249	0.051098
-0.389483	0.051098
-0.389483	0.051430
-0.389483	0.051430
-0.389483	0.051430
-0.390718	0.051430
-0.390718	0.051763
-0.390718	0.051763
-0.390718	0.051763
-0.391954	0.051763
-0.391954	0.052097
-0.391954	0.052097
-0.391954	0.052097
-0.393190	0.052097
-0.393190	0.052432
-0.393190	0.052432
-0.393190	0.052432
-0.394427	0.052432
-0.394427	0.052769
-0.394427	0.052769
-0.394427	0.052769
-0.395665	0.052769
-0.395665	0.053107
-0.395665	0.053107
-0.395665	0.053107
-0.396904	0.053107
-0.396904	0.053446
-0.396904	0.053446
-0.396904	0.053446
-0.398143	0.053446
-0.398143	0.053787
-0.398143	0.053787
-0.398143	0.053787
-0.399383	0.053787
-0.399383	0.054129
-0.399383	0.054129
-0.399383	0.054129
-0.400623	0.054129
-0.400623	0.054473
-0.400623	0.054473
-0.400623	0.054473
-0.401865	0.054473
-0.401865	0.054818
-0.401865	0.054818
-0.401865	0.054818
-0.403107	0.054818
-0.403107	0.055164
-0.403107	0.055164
-0.403107	0.055164
-0.404349	0.055164
-0.404349	0.055511
-0.404349	0.055511
-0.404349	0.055511
-0.405593	0.055511
-0.405593	0.055860
-0.405593	0.055860
-0.405593	0.055860
-0.406837	0.055860
-0.406837	0.056210
-0.406837	0.056210
-0.406837	0.056210
-0.408081	0.056210
-0.408081	0.056562
-0.408081	0.056562
-0.408081	0.056562
-0.409327	0.056562
-0.409327	0.056914
-0.409327	0.056914
-0.409327	0.056914
-0.410573	0.056914
-0.410573	0.057269
-0.410573	0.057269
-0.410573	0.057269
-0.411819	0.057269
-0.411819	0.057624
-0.411819	0.057624
-0.411819	0.057624
-0.413066	0.057624
-0.413066	0.057981
-0.413066	0.057981
-0.413066	0.057981
-0.414314	0.057981
-0.414314	0.058339
-0.414314	0.058339
-0.414314	0.058339
-0.415563	0.058339
-0.415563	0.058699
-0.415563	0.058699
-0.415563	0.058699
-0.416812	0.058699
-0.416812	0.059060
-0.416812	0.059060
-0.416812	0.059060
-0.418062	0.059060
-0.418062	0.059422
-0.418062	0.059422
-0.418062	0.059422
-0.419312	0.059422
-0.419312	0.059786
-0.419312	0.059786
-0.419312	0.059786
-0.420563	0.059786
-0.420563	0.060151
-0.420563	0.060151
-0.420563	0.060151
-0.421815	0.060151
-0.421815	0.060517
-0.421815	0.060517
-0.421815	0.060517
-0.423067	0.060517
-0.423067	0.060885
-0.423067	0.060885
-0.423067	0.060885
-0.424320	0.060885
-0.424320	0.061254
-0.424320	0.061254
-0.424320	0.061254
-0.425574	0.061254
-0.425574	0.061625
-0.425574	0.061625
-0.425574	0.061625
-0.426828	0.061625
-0.426828	0.061997
-0.426828	0.061997
-0.426828	0.061997
-0.428082	0.061997
-0.428082	0.062370
-0.428082	0.062370
-0.428082	0.062370
-0.429338	0.062370
-0.429338	0.062745
-0.429338	0.062745
-0.429338	0.062745
-0.430593	0.062745
-0.430593	0.063121
-0.430593	0.063121
-0.430593	0.063121
-0.431850	0.063121
-0.431850	0.063498
-0.431850	0.063498
-0.431850	0.063498
-0.433107	0.063498
-0.433107	0.063877
-0.433107	0.063877
-0.433107	0.063877
-0.434364	0.063877
-0.434364	0.064257
-0.434364	0.064257
-0.434364	0.064257
-0.435622	0.064257
-0.435622	0.064638
-0.435622	0.064638
-0.435622	0.064638
-0.436881	0.064638
-0.436881	0.065021
-0.436881	0.065021
-0.436881	0.065021
-0.438140	0.065021
-0.438140	0.065405
-0.438140	0.065405
-0.438140	0.065405
-0.439400	0.065405
-0.439400	0.065791
-0.439400	0.065791
-0.439400	0.065791
-0.440660	0.065791
-0.440660	0.066178
-0.440660	0.066178
-0.440660	0.066178
-0.441921	0.066178
-0.441921	0.066566
-0.441921	0.066566
-0.441921	0.066566
-0.443182	0.066566
-0.443182	0.066956
-0.443182	0.066956
-0.443182	0.066956
-0.444444	0.066956
-0.444444	0.067347
-0.444444	0.067347
-0.444444	0.067347
-0.445706	0.067347
-0.445706	0.067740
-0.445706	0.067740
-0.445706	0.067740
-0.446969	0.067740
-0.446969	0.068133
-0.446969	0.068133
-0.446969	0.068133
-0.448233	0.068133
-0.448233	0.068529
-0.448233	0.068529
-0.448233	0.068529
-0.449497	0.068529
-0.449497	0.068925
-0.449497	0.068925
-0.449497	0.068925
-0.450761	0.068925
-0.450761	0.069323
-0.450761	0.069323
-0.450761	0.069323
-0.452026	0.069323
-0.452026	0.069723
-0.452026	0.069723
-0.452026	0.069723
-0.453292	0.069723
-0.453292	0.070124
-0.453292	0.070124
-0.453292	0.070124
-0.454558	0.070124
-0.454558	0.070526
-0.454558	0.070526
-0.454558	0.070526
-0.455824	0.070526
-0.455824	0.070930
-0.455824	0.070930
-0.455824	0.070930
-0.457091	0.070930
-0.457091	0.071335
-0.457091	0.071335
-0.457091	0.071335
-0.458358	0.071335
-0.458358	0.071741
-0.458358	0.071741
-0.458358	0.071741
-0.459626	0.071741
-0.459626	0.072149
-0.459626	0.072149
-0.459626	0.072149
-0.460894	0.072149
-0.460894	0.072558
-0.460894	0.072558
-0.460894	0.072558
-0.462163	0.072558
-0.462163	0.072969
-0.462163	0.072969
-0.462163	0.072969
-0.463433	0.072969
-0.463433	0.073381
-0.463433	0.073381
-0.463433	0.073381
-0.464702	0.073381
-0.464702	0.073794
-0.464702	0.073794
-0.464702	0.073794
-0.465972	0.073794
-0.465972	0.074209
-0.465972	0.074209
-0.465972	0.074209
-0.467243	0.074209
-0.467243	0.074625
-0.467243	0.074625
-0.467243	0.074625
-0.468514	0.074625
-0.468514	0.075043
-0.468514	0.075043
-0.468514	0.075043
-0.469786	0.075043
-0.469786	0.075462
-0.469786	0.075462
-0.469786	0.075462
-0.471058	0.075462
-0.471058	0.075882
-0.471058	0.075882
-0.471058	0.075882
-0.472330	0.075882
-0.472330	0.076304
-0.472330	0.076304
-0.472330	0.076304
-0.473603	0.076304
-0.473603	0.076727
-0.473603	0.076727
-0.473603	0.076727
-0.474876	0.076727
-0.474876	0.077152
-0.474876	0.077152
-0.474876	0.077152
-0.476150	0.077152
-0.476150	0.077578
-0.476150	0.077578
-0.476150	0.077578
-0.477424	0.077578
-0.477424	0.078005
-0.477424	0.078005
-0.477424	0.078005
-0.478698	0.078005
-0.478698	0.078434
-0.478698	0.078434
-0.478698	0.078434
-0.479973	0.078434
-0.479973	0.078864
-0.479973	0.078864
-0.479973	0.078864
-0.481248	0.078864
-0.481248	0.079296
-0.481248	0.079296
-0.481248	0.079296
-0.482524	0.079296
-0.482524	0.079729
-0.482524	0.079729
-0.482524	0.079729
-0.483800	0.079729
-0.483800	0.080164
-0.483800	0.080164
-0.483800	0.080164
-0.485076	0.080164
-0.485076	0.080600
-0.485076	0.080600
-0.485076	0.080600
-0.486353	0.080600
-0.486353	0.081037
-0.486353	0.081037
-0.486353	0.081037
-0.487630	0.081037
-0.487630	0.081476
-0.487630	0.081476
-0.487630	0.081476
-0.488908	0.081476
-0.488908	0.081916
-0.488908	0.081916
-0.488908	0.081916
-0.490186	0.081916
-0.490186	0.082357
-0.490186	0.082357
-0.490186	0.082357
-0.491464	0.082357
-0.491464	0.082800
-0.491464	0.082800
-0.491464	0.082800
-0.492743	0.082800
-0.492743	0.083245
-0.492743	0.083245
-0.492743	0.083245
-0.494022	0.083245
-0.494022	0.083691
-0.494022	0.083691
-0.494022	0.083691
-0.495301	0.083691
-0.495301	0.084138
-0.495301	0.084138
-0.495301	0.084138
-0.496581	0.084138
-0.496581	0.084587
-0.496581	0.084587
-0.496581	0.084587
-0.497861	0.084587
-0.497861	0.085037
-0.497861	0.085037
-0.497861	0.085037
-0.499141	0.085037
-0.499141	0.085488
-0.499141	0.085488
-0.499141	0.085488
-0.500422	0.085488
-0.500422	0.085941
-0.500422	0.085941
-0.500422	0.085941
-0.501703	0.085941
-0.501703	0.086396
-0.501703	0.086396
-0.501703	0.086396
-0.502985	0.086396
-0.502985	0.086852
-0.502985	0.086852
-0.502985	0.086852
-0.504266	0.086852
-0.504266	0.087309
-0.504266	0.087309
-0.504266	0.087309
-0.505548	0.087309
-0.505548	0.087768
-0.505548	0.087768
-0.505548	0.087768
-0.506831	0.087768
-0.506831	0.088228
-0.506831	0.088228
-0.506831	0.088228
-0.508113	0.088228
-0.508113	0.088689
-0.508113	0.088689
-0.508113	0.088689
-0.509396	0.088689
-0.509396	0.089152
-0.509396	0.089152
-0.509396	0.089152
-0.510680	0.089152
-0.510680	0.089617
-0.510680	0.089617
-0.510680	0.089617
-0.511963	0.089617
-0.511963	0.090082
-0.511963	0.090082
-0.511963	0.090082
-0.513247	0.090082
-0.513247	0.090550
-0.513247	0.090550
-0.513247	0.090550
-0.514531	0.090550
-0.514531	0.091018
-0.514531	0.091018
-0.514531	0.091018
-0.515816	0.091018
-0.515816	0.091489
-0.515816	0.091489
-0.515816	0.091489
-0.517100	0.091489
-0.517100	0.091960
-0.517100	0.091960
-0.517100	0.091960
-0.518385	0.091960
-0.518385	0.092433
-0.518385	0.092433
-0.518385	0.092433
-0.519671	0.092433
-0.519671	0.092908
-0.519671	0.092908
-0.519671	0.092908
-0.520956	0.092908
-0.520956	0.093383
-0.520956	0.093383
-0.520956	0.093383
-0.522242	0.093383
-0.522242	0.093861
-0.522242	0.093861
-0.522242	0.093861
-0.523528	0.093861
-0.523528	0.094339
-0.523528	0.094339
-0.523528	0.094339
-0.524815	0.094339
-0.524815	0.094820
-0.524815	0.094820
-0.524815	0.094820
-0.526101	0.094820
-0.526101	0.095301
-0.526101	0.095301
-0.526101	0.095301
-0.527388	0.095301
-0.527388	0.095784
-0.527388	0.095784
-0.527388	0.095784
-0.528675	0.095784
-0.528675	0.096269
-0.528675	0.096269
-0.528675	0.096269
-0.529962	0.096269
-0.529962	0.096755
-0.529962	0.096755
-0.529962	0.096755
-0.531250	0.096755
-0.531250	0.097242
-0.531250	0.097242
-0.531250	0.097242
-0.532538	0.097242
-0.532538	0.097731
-0.532538	0.097731
-0.532538	0.097731
-0.533826	0.097731
-0.533826	0.098221
-0.533826	0.098221
-0.533826	0.098221
-0.535114	0.098221
-0.535114	0.098713
-0.535114	0.098713
-0.535114	0.098713
-0.536402	0.098713
-0.536402	0.099206
-0.536402	0.099206
-0.536402	0.099206
-0.537691	0.099206
-0.537691	0.099701
-0.537691	0.099701
-0.537691	0.099701
-0.538980	0.099701
-0.538980	0.100197
-0.538980	0.100197
-0.538980	0.100197
-0.540269	0.100197
-0.540269	0.100694
-0.540269	0.100694
-0.540269	0.100694
-0.541558	0.100694
-0.541558	0.101193
-0.541558	0.101193
-0.541558	0.101193
-0.542848	0.101193
-0.542848	0.101694
-0.542848	0.101694
-0.542848	0.101694
-0.544138	0.101694
-0.544138	0.102196
-0.544138	0.102196
-0.544138	0.102196
-0.545428	0.102196
-0.545428	0.102699
-0.545428	0.102699
-0.545428	0.102699
-0.546718	0.102699
-0.546718	0.103204
-0.546718	0.103204
-0.546718	0.103204
-0.548008	0.103204
-0.548008	0.103710
-0.548008	0.103710
-0.548008	0.103710
-0.549298	0.103710
-0.549298	0.104218
-0.549298	0.104218
-0.549298	0.104218
-0.550589	0.104218
-0.550589	0.104727
-0.550589	0.104727
-0.550589	0.104727
-0.551880	0.104727
-0.551880	0.105237
-0.551880	0.105237
-0.551880	0.105237
-0.553171	0.105237
-0.553171	0.105749
-0.553171	0.105749
-0.553171	0.105749
-0.554462	0.105749
-0.554462	0.106263
-0.554462	0.106263
-0.554462	0.106263
-0.555753	0.106263
-0.555753	0.106778
-0.555753	0.106778
-0.555753	0.106778
-0.557045	0.106778
-0.557045	0.107294
-0.557045	0.107294
-0.557045	0.107294
-0.558336	0.107294
-0.558336	0.107812
-0.558336	0.107812
-0.558336	0.107812
-0.559628	0.107812
-0.559628	0.108331
-0.559628	0.108331
-0.559628	0.108331
-0.560920	0.108331
-0.560920	0.108852
-0.560920	0.108852
-0.560920	0.108852
-0.562212	0.108852
-0.562212	0.109374
-0.562212	0.109374
-0.562212	0.109374
-0.563504	0.109374
-0.563504	0.109898
-0.563504	0.109898
-0.563504	0.109898
-0.564797	0.109898
-0.564797	0.110423
-0.564797	0.110423
-0.564797	0.110423
-0.566089	0.110423
-0.566089	0.110949
-0.566089	0.110949
-0.566089	0.110949
-0.567382	0.110949
-0.567382	0.111477
-0.567382	0.111477
-0.567382	0.111477
-0.568674	0.111477
-0.568674	0.112007
-0.568674	0.112007
-0.568674	0.112007
-0.569967	0.112007
-0.569967	0.112538
-0.569967	0.112538
-0.569967	0.112538
-0.571260	0.112538
-0.571260	0.113070
-0.571260	0.113070
-0.571260	0.113070
-0.572553	0.113070
-0.572553	0.113604
-0.572553	0.113604
-0.572553	0.113604
-0.573846	0.113604
-0.573846	0.114139
-0.573846	0.114139
-0.573846	0.114139
-0.575140	0.114139
-0.575140	0.114676
-0.575140	0.114676
-0.575140	0.114676
-0.576433	0.114676
-0.576433	0.115214
-0.576433	0.115214
-0.576433	0.115214
-0.577726	0.115214
-0.577726	0.115754
-0.577726	0.115754
-0.577726	0.115754
-0.579020	0.115754
-0.579020	0.116295
-0.579020	0.116295
-0.579020	0.116295
-0.580314	0.116295
-0.580314	0.116838
-0.580314	0.116838
-0.580314	0.116838
-0.581607	0.116838
-0.581607	0.117382
-0.581607	0.117382
-0.581607	0.117382
-0.582901	0.117382
-0.582901	0.117927
-0.582901	0.117927
-0.582901	0.117927
-0.584195	0.117927
-0.584195	0.118474
-0.584195	0.118474
-0.584195	0.118474
-0.585489	0.118474
-0.585489	0.119023
-0.585489	0.119023
-0.585489	0.119023
-0.586783	0.119023
-0.586783	0.119573
-0.586783	0.119573
-0.586783	0.119573
-0.588077	0.119573
-0.588077	0.120124
-0.588077	0.120124
-0.588077	0.120124
-0.589371	0.120124
-0.589371	0.120677
-0.589371	0.120677
-0.589371	0.120677
-0.590665	0.120677
-0.590665	0.121231
-0.590665	0.121231
-0.590665	0.121231
-0.591960	0.121231
-0.591960	0.121787
-0.591960	0.121787
-0.591960	0.121787
-0.593254	0.121787
-0.593254	0.122344
-0.593254	0.122344
-0.593254	0.122344
-0.594548	0.122344
-0.594548	0.122903
-0.594548	0.122903
-0.594548	0.122903
-0.595843	0.122903
-0.595843	0.123463
-0.595843	0.123463
-0.595843	0.123463
-0.597137	0.123463
-0.597137	0.124025
-0.597137	0.124025
-0.597137	0.124025
-0.598432	0.124025
-0.598432	0.124588
-0.598432	0.124588
-0.598432	0.124588
-0.599726	0.124588
-0.599726	0.125152
-0.599726	0.125152
-0.599726	0.125152
-0.601021	0.125152
-0.601021	0.125718
-0.601021	0.125718
-0.601021	0.125718
-0.602315	0.125718
-0.602315	0.126286
-0.602315	0.126286
-0.602315	0.126286
-0.603610	0.126286
-0.603610	0.126855
-0.603610	0.126855
-0.603610	0.126855
-0.604904	0.126855
-0.604904	0.127425
-0.604904	0.127425
-0.604904	0.127425
-0.606199	0.127425
-0.606199	0.127997
-0.606199	0.127997
-0.606199	0.127997
-0.607494	0.127997
-0.607494	0.128570
-0.607494	0.128570
-0.607494	0.128570
-0.608788	0.128570
-0.608788	0.129145
-0.608788	0.129145
-0.608788	0.129145
-0.610083	0.129145
-0.610083	0.129722
-0.610083	0.129722
-0.610083	0.129722
-0.611378	0.129722
-0.611378	0.130299
-0.611378	0.130299
-0.611378	0.130299
-0.612672	0.130299
-0.612672	0.130879
-0.612672	0.130879
-0.612672	0.130879
-0.613967	0.130879
-0.613967	0.131459
-0.613967	0.131459
-0.613967	0.131459
-0.615261	0.131459
-0.615261	0.132042
-0.615261	0.132042
-0.615261	0.132042
-0.616556	0.132042
-0.616556	0.132625
-0.616556	0.132625
-0.616556	0.132625
-0.617851	0.132625
-0.617851	0.133210
-0.617851	0.133210
-0.617851	0.133210
-0.619145	0.133210
-0.619145	0.133797
-0.619145	0.133797
-0.619145	0.133797
-0.620440	0.133797
-0.620440	0.134385
-0.620440	0.134385
-0.620440	0.134385
-0.621734	0.134385
-0.621734	0.134975
-0.621734	0.134975
-0.621734	0.134975
-0.623029	0.134975
-0.623029	0.135566
-0.623029	0.135566
-0.623029	0.135566
-0.624323	0.135566
-0.624323	0.136158
-0.624323	0.136158
-0.624323	0.136158
-0.625617	0.136158
-0.625617	0.136752
-0.625617	0.136752
-0.625617	0.136752
-0.626912	0.136752
-0.626912	0.137347
-0.626912	0.137347
-0.626912	0.137347
-0.628206	0.137347
-0.628206	0.137944
-0.628206	0.137944
-0.628206	0.137944
-0.629500	0.137944
-0.629500	0.138543
-0.629500	0.138543
-0.629500	0.138543
-0.630795	0.138543
-0.630795	0.139142
-0.630795	0.139142
-0.630795	0.139142
-0.632089	0.139142
-0.632089	0.139744
-0.632089	0.139744
-0.632089	0.139744
-0.633383	0.139744
-0.633383	0.140347
-0.633383	0.140347
-0.633383	0.140347
-0.634677	0.140347
-0.634677	0.140951
-0.634677	0.140951
-0.634677	0.140951
-0.635971	0.140951
-0.635971	0.141557
-0.635971	0.141557
-0.635971	0.141557
-0.637265	0.141557
-0.637265	0.142164
-0.637265	0.142164
-0.637265	0.142164
-0.638558	0.142164
-0.638558	0.142772
-0.638558	0.142772
-0.638558	0.142772
-0.639852	0.142772
-0.639852	0.143383
-0.639852	0.143383
-0.639852	0.143383
-0.641146	0.143383
-0.641146	0.143994
-0.641146	0.143994
-0.641146	0.143994
-0.642439	0.143994
-0.642439	0.144607
-0.642439	0.144607
-0.642439	0.144607
-0.643733	0.144607
-0.643733	0.145222
-0.643733	0.145222
-0.643733	0.145222
-0.645026	0.145222
-0.645026	0.145838
-0.645026	0.145838
-0.645026	0.145838
-0.646319	0.145838
-0.646319	0.146455
-0.646319	0.146455
-0.646319	0.146455
-0.647612	0.146455
-0.647612	0.147074
-0.647612	0.147074
-0.647612	0.147074
-0.648906	0.147074
-0.648906	0.147695
-0.648906	0.147695
-0.648906	0.147695
-0.650198	0.147695
-0.650198	0.148317
-0.650198	0.148317
-0.650198	0.148317
-0.651491	0.148317
-0.651491	0.148940
-0.651491	0.148940
-0.651491	0.148940
-0.652784	0.148940
-0.652784	0.149565
-0.652784	0.149565
-0.652784	0.149565
-0.654077	0.149565
-0.654077	0.150191
-0.654077	0.150191
-0.654077	0.150191
-0.655369	0.150191
-0.655369	0.150819
-0.655369	0.150819
-0.655369	0.150819
-0.656662	0.150819
-0.656662	0.151448
-0.656662	0.151448
-0.656662	0.151448
-0.657954	0.151448
-0.657954	0.152079
-0.657954	0.152079
-0.657954	0.152079
-0.659246	0.152079
-0.659246	0.152711
-0.659246	0.152711
-0.659246	0.152711
-0.660538	0.152711
-0.660538	0.153345
-0.660538	0.153345
-0.660538	0.153345
-0.661830	0.153345
-0.661830	0.153980
-0.661830	0.153980
-0.661830	0.153980
-0.663121	0.153980
-0.663121	0.154617
-0.663121	0.154617
-0.663121	0.154617
-0.664413	0.154617
-0.664413	0.155255
-0.664413	0.155255
-0.664413	0.155255
-0.665704	0.155255
-0.665704	0.155895
-0.665704	0.155895
-0.665704	0.155895
-0.666996	0.155895
-0.666996	0.156536
-0.666996	0.156536
-0.666996	0.156536
-0.668287	0.156536
-0.668287	0.157178
-0.668287	0.157178
-0.668287	0.157178
-0.669578	0.157178
-0.669578	0.157822
-0.669578	0.157822
-0.669578	0.157822
-0.670868	0.157822
-0.670868	0.158468
-0.670868	0.158468
-0.670868	0.158468
-0.672159	0.158468
-0.672159	0.159115
-0.672159	0.159115
-0.672159	0.159115
-0.673449	0.159115
-0.673449	0.159763
-0.673449	0.159763
-0.673449	0.159763
-0.674740	0.159763
-0.674740	0.160413
-0.674740	0.160413
-0.674740	0.160413
-0.676030	0.160413
-0.676030	0.161065
-0.676030	0.161065
-0.676030	0.161065
-0.677320	0.161065
-0.677320	0.161718
-0.677320	0.161718
-0.677320	0.161718
-0.678609	0.161718
-0.678609	0.162372
-0.678609	0.162372
-0.678609	0.162372
-0.679899	0.162372
-0.679899	0.163028
-0.679899	0.163028
-0.679899	0.163028
-0.681188	0.163028
-0.681188	0.163685
-0.681188	0.163685
-0.681188	0.163685
-0.682477	0.163685
-0.682477	0.164344
-0.682477	0.164344
-0.682477	0.164344
-0.683766	0.164344
-0.683766	0.165004
-0.683766	0.165004
-0.683766	0.165004
-0.685055	0.165004
-0.685055	0.165666
-0.685055	0.165666
-0.685055	0.165666
-0.686344	0.165666
-0.686344	0.166329
-0.686344	0.166329
-0.686344	0.166329
-0.687632	0.166329
-0.687632	0.166994
-0.687632	0.166994
-0.687632	0.166994
-0.688920	0.166994
-0.688920	0.167660
-0.688920	0.167660
-0.688920	0.167660
-0.690208	0.167660
-0.690208	0.168327
-0.690208	0.168327
-0.690208	0.168327
-0.691496	0.168327
-0.691496	0.168996
-0.691496	0.168996
-0.691496	0.168996
-0.692783	0.168996
-0.692783	0.169667
-0.692783	0.169667
-0.692783	0.169667
-0.694071	0.169667
-0.694071	0.170339
-0.694071	0.170339
-0.694071	0.170339
-0.695358	0.170339
-0.695358	0.171012
-0.695358	0.171012
-0.695358	0.171012
-0.696645	0.171012
-0.696645	0.171687
-0.696645	0.171687
-0.696645	0.171687
-0.697931	0.171687
-0.697931	0.172364
-0.697931	0.172364
-0.697931	0.172364
-0.699218	0.172364
-0.699218	0.173042
-0.699218	0.173042
-0.699218	0.173042
-0.700504	0.173042
-0.700504	0.173721
-0.700504	0.173721
-0.700504	0.173721
-0.701790	0.173721
-0.701790	0.174402
-0.701790	0.174402
-0.701790	0.174402
-0.703075	0.174402
-0.703075	0.175084
-0.703075	0.175084
-0.703075	0.175084
-0.704361	0.175084
-0.704361	0.175768
-0.704361	0.175768
-0.704361	0.175768
-0.705646	0.175768
-0.705646	0.176453
-0.705646	0.176453
-0.705646	0.176453
-0.706931	0.176453
-0.706931	0.177140
-0.706931	0.177140
-0.706931	0.177140
-0.708215	0.177140
-0.708215	0.177828
-0.708215	0.177828
-0.708215	0.177828
-0.709500	0.177828
-0.709500	0.178518
-0.709500	0.178518
-0.709500	0.178518
-0.710784	0.178518
-0.710784	0.179209
-0.710784	0.179209
-0.710784	0.179209
-0.712068	0.179209
-0.712068	0.179902
-0.712068	0.179902
-0.712068	0.179902
-0.713351	0.179902
-0.713351	0.180596
-0.713351	0.180596
-0.713351	0.180596
-0.714635	0.180596
-0.714635	0.181292
-0.714635	0.181292
-0.714635	0.181292
-0.715918	0.181292
-0.715918	0.181989
-0.715918	0.181989
-0.715918	0.181989
-0.717200	0.181989
-0.717200	0.182687
-0.717200	0.182687
-0.717200	0.182687
-0.718483	0.182687
-0.718483	0.183387
-0.718483	0.183387
-0.718483	0.183387
-0.719765	0.183387
-0.719765	0.184088
-0.719765	0.184088
-0.719765	0.184088
-0.721047	0.184088
-0.721047	0.184791
-0.721047	0.184791
-0.721047	0.184791
-0.722329	0.184791
-0.722329	0.185496
-0.722329	0.185496
-0.722329	0.185496
-0.723610	0.185496
-0.723610	0.186202
-0.723610	0.186202
-0.723610	0.186202
-0.724891	0.186202
-0.724891	0.186909
-0.724891	0.186909
-0.724891	0.186909
-0.726172	0.186909
-0.726172	0.187618
-0.726172	0.187618
-0.726172	0.187618
-0.727452	0.187618
-0.727452	0.188328
-0.727452	0.188328
-0.727452	0.188328
-0.728732	0.188328
-0.728732	0.189040
-0.728732	0.189040
-0.728732	0.189040
-0.730012	0.189040
-0.730012	0.189753
-0.730012	0.189753
-0.730012	0.189753
-0.731291	0.189753
-0.731291	0.190468
-0.731291	0.190468
-0.731291	0.190468
-0.732570	0.190468
-0.732570	0.191184
-0.732570	0.191184
-0.732570	0.191184
-0.733849	0.191184
-0.733849	0.191901
-0.733849	0.191901
-0.733849	0.191901
-0.735128	0.191901
-0.735128	0.192620
-0.735128	0.192620
-0.735128	0.192620
-0.736406	0.192620
-0.736406	0.193341
-0.736406	0.193341
-0.736406	0.193341
-0.737684	0.193341
-0.737684	0.194063
-0.737684	0.194063
-0.737684	0.194063
-0.738961	0.194063
-0.738961	0.194786
-0.738961	0.194786
-0.738961	0.194786
-0.740239	0.194786
-0.740239	0.195511
-0.740239	0.195511
-0.740239	0.195511
-0.741515	0.195511
-0.741515	0.196238
-0.741515	0.196238
-0.741515	0.196238
-0.742792	0.196238
-0.742792	0.196965
-0.742792	0.196965
-0.742792	0.196965
-0.744068	0.196965
-0.744068	0.197695
-0.744068	0.197695
-0.744068	0.197695
-0.745344	0.197695
-0.745344	0.198426
-0.745344	0.198426
-0.745344	0.198426
-0.746619	0.198426
-0.746619	0.199158
-0.746619	0.199158
-0.746619	0.199158
-0.747894	0.199158
-0.747894	0.199891
-0.747894	0.199891
-0.747894	0.199891
-0.749169	0.199891
-0.749169	0.200627
-0.749169	0.200627
-0.749169	0.200627
-0.750444	0.200627
-0.750444	0.201363
-0.750444	0.201363
-0.750444	0.201363
-0.751718	0.201363
-0.751718	0.202101
-0.751718	0.202101
-0.751718	0.202101
-0.752991	0.202101
-0.752991	0.202841
-0.752991	0.202841
-0.752991	0.202841
-0.754265	0.202841
-0.754265	0.203582
-0.754265	0.203582
-0.754265	0.203582
-0.755537	0.203582
-0.755537	0.204324
-0.755537	0.204324
-0.755537	0.204324
-0.756810	0.204324
-0.756810	0.205068
-0.756810	0.205068
-0.756810	0.205068
-0.758082	0.205068
-0.758082	0.205814
-0.758082	0.205814
-0.758082	0.205814
-0.759354	0.205814
-0.759354	0.206561
-0.759354	0.206561
-0.759354	0.206561
-0.760625	0.206561
-0.760625	0.207309
-0.760625	0.207309
-0.760625	0.207309
-0.761896	0.207309
-0.761896	0.208059
-0.761896	0.208059
-0.761896	0.208059
-0.763167	0.208059
-0.763167	0.208810
-0.763167	0.208810
-0.763167	0.208810
-0.764437	0.208810
-0.764437	0.209563
-0.764437	0.209563
-0.764437	0.209563
-0.765707	0.209563
-0.765707	0.210317
-0.765707	0.210317
-0.765707	0.210317
-0.766976	0.210317
-0.766976	0.211072
-0.766976	0.211072
-0.766976	0.211072
-0.768245	0.211072
-0.768245	0.211830
-0.768245	0.211830
-0.768245	0.211830
-0.769514	0.211830
-0.769514	0.212588
-0.769514	0.212588
-0.769514	0.212588
-0.770782	0.212588
-0.770782	0.213348
-0.770782	0.213348
-0.770782	0.213348
-0.772050	0.213348
-0.772050	0.214109
-0.772050	0.214109
-0.772050	0.214109
-0.773318	0.214109
-0.773318	0.214872
-0.773318	0.214872
-0.773318	0.214872
-0.774584	0.214872
-0.774584	0.215637
-0.774584	0.215637
-0.774584	0.215637
-0.775851	0.215637
-0.775851	0.216403
-0.775851	0.216403
-0.775851	0.216403
-0.777117	0.216403
-0.777117	0.217170
-0.777117	0.217170
-0.777117	0.217170
-0.778383	0.217170
-0.778383	0.217939
-0.778383	0.217939
-0.778383	0.217939
-0.779648	0.217939
-0.779648	0.218709
-0.779648	0.218709
-0.779648	0.218709
-0.780913	0.218709
-0.780913	0.219480
-0.780913	0.219480
-0.780913	0.219480
-0.782177	0.219480
-0.782177	0.220253
-0.782177	0.220253
-0.782177	0.220253
-0.783441	0.220253
-0.783441	0.221028
-0.783441	0.221028
-0.783441	0.221028
-0.784705	0.221028
-0.784705	0.221804
-0.784705	0.221804
-0.784705	0.221804
-0.785968	0.221804
-0.785968	0.222581
-0.785968	0.222581
-0.785968	0.222581
-0.787231	0.222581
-0.787231	0.223360
-0.787231	0.223360
-0.787231	0.223360
-0.788493	0.223360
-0.788493	0.224141
-0.788493	0.224141
-0.788493	0.224141
-0.789755	0.224141
-0.789755	0.224922
-0.789755	0.224922
-0.789755	0.224922
-0.791016	0.224922
-0.791016	0.225706
-0.791016	0.225706
-0.791016	0.225706
-0.792277	0.225706
-0.792277	0.226490
-0.792277	0.226490
-0.792277	0.226490
-0.793537	0.226490
-0.793537	0.227276
-0.793537	0.227276
-0.793537	0.227276
-0.794797	0.227276
-0.794797	0.228064
-0.794797	0.228064
-0.794797	0.228064
-0.796056	0.228064
-0.796056	0.228853
-0.796056	0.228853
-0.796056	0.228853
-0.797315	0.228853
-0.797315	0.229644
-0.797315	0.229644
-0.797315	0.229644
-0.798574	0.229644
-0.798574	0.230436
-0.798574	0.230436
-0.798574	0.230436
-0.799832	0.230436
-0.799832	0.231229
-0.799832	0.231229
-0.799832	0.231229
-0.801089	0.231229
-0.801089	0.232024
-0.801089	0.232024
-0.801089	0.232024
-0.802346	0.232024
-0.802346	0.232820
-0.802346	0.232820
-0.802346	0.232820
-0.803603	0.232820
-0.803603	0.233618
-0.803603	0.233618
-0.803603	0.233618
-0.804859	0.233618
-0.804859	0.234417
-0.804859	0.234417
-0.804859	0.234417
-0.806115	0.234417
-0.806115	0.235217
-0.806115	0.235217
-0.806115	0.235217
-0.807370	0.235217
-0.807370	0.236020
-0.807370	0.236020
-0.807370	0.236020
-0.808625	0.236020
-0.808625	0.236823
-0.808625	0.236823
-0.808625	0.236823
-0.809879	0.236823
-0.809879	0.237628
-0.809879	0.237628
-0.809879	0.237628
-0.811132	0.237628
-0.811132	0.238434
-0.811132	0.238434
-0.811132	0.238434
-0.812385	0.238434
-0.812385	0.239242
-0.812385	0.239242
-0.812385	0.239242
-0.813638	0.239242
-0.813638	0.240051
-0.813638	0.240051
-0.813638	0.240051
-0.814890	0.240051
-0.814890	0.240862
-0.814890	0.240862
-0.814890	0.240862
-0.816142	0.240862
-0.816142	0.241674
-0.816142	0.241674
-0.816142	0.241674
-0.817393	0.241674
-0.817393	0.242488
-0.817393	0.242488
-0.817393	0.242488
-0.818643	0.242488
-0.818643	0.243303
-0.818643	0.243303
-0.818643	0.243303
-0.819893	0.243303
-0.819893	0.244119
-0.819893	0.244119
-0.819893	0.244119
-0.821143	0.244119
-0.821143	0.244937
-0.821143	0.244937
-0.821143	0.244937
-0.822392	0.244937
-0.822392	0.245757
-0.822392	0.245757
-0.822392	0.245757
-0.823640	0.245757
-0.823640	0.246577
-0.823640	0.246577
-0.823640	0.246577
-0.824888	0.246577
-0.824888	0.247400
-0.824888	0.247400
-0.824888	0.247400
-0.826136	0.247400
-0.826136	0.248223
-0.826136	0.248223
-0.826136	0.248223
-0.827382	0.248223
-0.827382	0.249048
-0.827382	0.249048
-0.827382	0.249048
-0.828629	0.249048
-0.828629	0.249875
-0.828629	0.249875
-0.828629	0.249875
-0.829875	0.249875
-0.829875	0.250703
-0.829875	0.250703
-0.829875	0.250703
-0.831120	0.250703
-0.831120	0.251532
-0.831120	0.251532
-0.831120	0.251532
-0.832365	0.251532
-0.832365	0.252363
-0.832365	0.252363
-0.832365	0.252363
-0.833609	0.252363
-0.833609	0.253195
-0.833609	0.253195
-0.833609	0.253195
-0.834852	0.253195
-0.834852	0.254029
-0.834852	0.254029
-0.834852	0.254029
-0.836095	0.254029
-0.836095	0.254864
-0.836095	0.254864
-0.836095	0.254864
-0.837338	0.254864
-0.837338	0.255700
-0.837338	0.255700
-0.837338	0.255700
-0.838580	0.255700
-0.838580	0.256538
-0.838580	0.256538
-0.838580	0.256538
-0.839821	0.256538
-0.839821	0.257378
-0.839821	0.257378
-0.839821	0.257378
-0.841062	0.257378
-0.841062	0.258219
-0.841062	0.258219
-0.841062	0.258219
-0.842302	0.258219
-0.842302	0.259061
-0.842302	0.259061
-0.842302	0.259061
-0.843542	0.259061
-0.843542	0.259905
-0.843542	0.259905
-0.843542	0.259905
-0.844781	0.259905
-0.844781	0.260750
-0.844781	0.260750
-0.844781	0.260750
-0.846019	0.260750
-0.846019	0.261596
-0.846019	0.261596
-0.846019	0.261596
-0.847257	0.261596
-0.847257	0.262444
-0.847257	0.262444
-0.847257	0.262444
-0.848494	0.262444
-0.848494	0.263294
-0.848494	0.263294
-0.848494	0.263294
-0.849731	0.263294
-0.849731	0.264144
-0.849731	0.264144
-0.849731	0.264144
-0.850967	0.264144
-0.850967	0.264997
-0.850967	0.264997
-0.850967	0.264997
-0.852203	0.264997
-0.852203	0.265850
-0.852203	0.265850
-0.852203	0.265850
-0.853438	0.265850
-0.853438	0.266705
-0.853438	0.266705
-0.853438	0.266705
-0.854672	0.266705
-0.854672	0.267562
-0.854672	0.267562
-0.854672	0.267562
-0.855906	0.267562
-0.855906	0.268420
-0.855906	0.268420
-0.855906	0.268420
-0.857139	0.268420
-0.857139	0.269279
-0.857139	0.269279
-0.857139	0.269279
-0.858372	0.269279
-0.858372	0.270140
-0.858372	0.270140
-0.858372	0.270140
-0.859604	0.270140
-0.859604	0.271002
-0.859604	0.271002
-0.859604	0.271002
-0.860835	0.271002
-0.860835	0.271865
-0.860835	0.271865
-0.860835	0.271865
-0.862066	0.271865
-0.862066	0.272730
-0.862066	0.272730
-0.862066	0.272730
-0.863296	0.272730
-0.863296	0.273597
-0.863296	0.273597
-0.863296	0.273597
-0.864525	0.273597
-0.864525	0.274465
-0.864525	0.274465
-0.864525	0.274465
-0.865754	0.274465
-0.865754	0.275334
-0.865754	0.275334
-0.865754	0.275334
-0.866983	0.275334
-0.866983	0.276205
-0.866983	0.276205
-0.866983	0.276205
-0.868210	0.276205
-0.868210	0.277077
-0.868210	0.277077
-0.868210	0.277077
-0.869437	0.277077
-0.869437	0.277950
-0.869437	0.277950
-0.869437	0.277950
-0.870664	0.277950
-0.870664	0.278825
-0.870664	0.278825
-0.870664	0.278825
-0.871889	0.278825
-0.871889	0.279701
-0.871889	0.279701
-0.871889	0.279701
-0.873114	0.279701
-0.873114	0.280579
-0.873114	0.280579
-0.873114	0.280579
-0.874339	0.280579
-0.874339	0.281458
-0.874339	0.281458
-0.874339	0.281458
-0.875563	0.281458
-0.875563	0.282339
-0.875563	0.282339
-0.875563	0.282339
-0.876786	0.282339
-0.876786	0.283221
-0.876786	0.283221
-0.876786	0.283221
-0.878008	0.283221
-0.878008	0.284104
-0.878008	0.284104
-0.878008	0.284104
-0.879230	0.284104
-0.879230	0.284989
-0.879230	0.284989
-0.879230	0.284989
-0.880452	0.284989
-0.880452	0.285875
-0.880452	0.285875
-0.880452	0.285875
-0.881672	0.285875
-0.881672	0.286763
-0.881672	0.286763
-0.881672	0.286763
-0.882892	0.286763
-0.882892	0.287652
-0.882892	0.287652
-0.882892	0.287652
-0.884111	0.287652
-0.884111	0.288542
-0.884111	0.288542
-0.884111	0.288542
-0.885330	0.288542
-0.885330	0.289434
-0.885330	0.289434
-0.885330	0.289434
-0.886548	0.289434
-0.886548	0.290327
-0.886548	0.290327
-0.886548	0.290327
-0.887765	0.290327
-0.887765	0.291222
-0.887765	0.291222
-0.887765	0.291222
-0.888982	0.291222
-0.888982	0.292118
-0.888982	0.292118
-0.888982	0.292118
-0.890198	0.292118
-0.890198	0.293015
-0.890198	0.293015
-0.890198	0.293015
-0.891413	0.293015
-0.891413	0.293914
-0.891413	0.293914
-0.891413	0.293914
-0.892628	0.293914
-0.892628	0.294814
-0.892628	0.294814
-0.892628	0.294814
-0.893842	0.294814
-0.893842	0.295716
-0.893842	0.295716
-0.893842	0.295716
-0.895055	0.295716
-0.895055	0.296619
-0.895055	0.296619
-0.895055	0.296619
-0.896267	0.296619
-0.896267	0.297523
-0.896267	0.297523
-0.896267	0.297523
-0.897479	0.297523
-0.897479	0.298429
-0.897479	0.298429
-0.897479	0.298429
-0.898691	0.298429
-0.898691	0.299336
-0.898691	0.299336
-0.898691	0.299336
-0.899901	0.299336
-0.899901	0.300244
-0.899901	0.300244
-0.899901	0.300244
-0.901111	0.300244
-0.901111	0.301154
-0.901111	0.301154
-0.901111	0.301154
-0.902320	0.301154
-0.902320	0.302066
-0.902320	0.302066
-0.902320	0.302066
-0.903528	0.302066
-0.903528	0.302979
-0.903528	0.302979
-0.903528	0.302979
-0.904736	0.302979
-0.904736	0.303893
-0.904736	0.303893
-0.904736	0.303893
-0.905943	0.303893
-0.905943	0.304808
-0.905943	0.304808
-0.905943	0.304808
-0.907149	0.304808
-0.907149	0.305725
-0.907149	0.305725
-0.907149	0.305725
-0.908355	0.305725
-0.908355	0.306643
-0.908355	0.306643
-0.908355	0.306643
-0.909560	0.306643
-0.909560	0.307563
-0.909560	0.307563
-0.909560	0.307563
-0.910764	0.307563
-0.910764	0.308484
-0.910764	0.308484
-0.910764	0.308484
-0.911967	0.308484
-0.911967	0.309407
-0.911967	0.309407
-0.911967	0.309407
-0.913170	0.309407
-0.913170	0.310331
-0.913170	0.310331
-0.913170	0.310331
-0.914372	0.310331
-0.914372	0.311256
-0.914372	0.311256
-0.914372	0.311256
-0.915573	0.311256
-0.915573	0.312182
-0.915573	0.312182
-0.915573	0.312182
-0.916774	0.312182
-0.916774	0.313110
-0.916774	0.313110
-0.916774	0.313110
-0.917974	0.313110
-0.917974	0.314040
-0.917974	0.314040
-0.917974	0.314040
-0.919173	0.314040
-0.919173	0.314971
-0.919173	0.314971
-0.919173	0.314971
-0.920371	0.314971
-0.920371	0.315903
-0.920371	0.315903
-0.920371	0.315903
-0.921569	0.315903
-0.921569	0.316836
-0.921569	0.316836
-0.921569	0.316836
-0.922766	0.316836
-0.922766	0.317771
-0.922766	0.317771
-0.922766	0.317771
-0.923962	0.317771
-0.923962	0.318707
-0.923962	0.318707
-0.923962	0.318707
-0.925157	0.318707
-0.925157	0.319645
-0.925157	0.319645
-0.925157	0.319645
-0.926352	0.319645
-0.926352	0.320584
-0.926352	0.320584
-0.926352	0.320584
-0.927546	0.320584
-0.927546	0.321525
-0.927546	0.321525
-0.927546	0.321525
-0.928739	0.321525
-0.928739	0.322466
-0.928739	0.322466
-0.928739	0.322466
-0.929931	0.322466
-0.929931	0.323409
-0.929931	0.323409
-0.929931	0.323409
-0.931123	0.323409
-0.931123	0.324354
-0.931123	0.324354
-0.931123	0.324354
-0.932314	0.324354
-0.932314	0.325300
-0.932314	0.325300
-0.932314	0.325300
-0.933504	0.325300
-0.933504	0.326247
-0.933504	0.326247
-0.933504	0.326247
-0.934694	0.326247
-0.934694	0.327196
-0.934694	0.327196
-0.934694	0.327196
-0.935882	0.327196
-0.935882	0.328146
-0.935882	0.328146
-0.935882	0.328146
-0.937070	0.328146
-0.937070	0.329097
-0.937070	0.329097
-0.937070	0.329097
-0.938257	0.329097
-0.938257	0.330050
-0.938257	0.330050
-0.938257	0.330050
-0.939443	0.330050
-0.939443	0.331004
-0.939443	0.331004
-0.939443	0.331004
-0.940629	0.331004
-0.940629	0.331960
-0.940629	0.331960
-0.940629	0.331960
-0.941814	0.331960
-0.941814	0.332916
-0.941814	0.332916
-0.941814	0.332916
-0.942998	0.332916
-0.942998	0.333875
-0.942998	0.333875
-0.942998	0.333875
-0.944181	0.333875
-0.944181	0.334834
-0.944181	0.334834
-0.944181	0.334834
-0.945363	0.334834
-0.945363	0.335795
-0.945363	0.335795
-0.945363	0.335795
-0.946545	0.335795
-0.946545	0.336757
-0.946545	0.336757
-0.946545	0.336757
-0.947726	0.336757
-0.947726	0.337721
-0.947726	0.337721
-0.947726	0.337721
-0.948906	0.337721
-0.948906	0.338686
-0.948906	0.338686
-0.948906	0.338686
-0.950085	0.338686
-0.950085	0.339652
-0.950085	0.339652
-0.950085	0.339652
-0.951264	0.339652
-0.951264	0.340620
-0.951264	0.340620
-0.951264	0.340620
-0.952441	0.340620
-0.952441	0.341589
-0.952441	0.341589
-0.952441	0.341589
-0.953618	0.341589
-0.953618	0.342560
-0.953618	0.342560
-0.953618	0.342560
-0.954794	0.342560
-0.954794	0.343531
-0.954794	0.343531
-0.954794	0.343531
-0.955969	0.343531
-0.955969	0.344505
-0.955969	0.344505
-0.955969	0.344505
-0.957144	0.344505
-0.957144	0.345479
-0.957144	0.345479
-0.957144	0.345479
-0.958318	0.345479
-0.958318	0.346455
-0.958318	0.346455
-0.958318	0.346455
-0.959490	0.346455
-0.959490	0.347432
-0.959490	0.347432
-0.959490	0.347432
-0.960662	0.347432
-0.960662	0.348411
-0.960662	0.348411
-0.960662	0.348411
-0.961834	0.348411
-0.961834	0.349390
-0.961834	0.349390
-0.961834	0.349390
-0.963004	0.349390
-0.963004	0.350372
-0.963004	0.350372
-0.963004	0.350372
-0.964174	0.350372
-0.964174	0.351354
-0.964174	0.351354
-0.964174	0.351354
-0.965342	0.351354
-0.965342	0.352338
-0.965342	0.352338
-0.965342	0.352338
-0.966510	0.352338
-0.966510	0.353323
-0.966510	0.353323
-0.966510	0.353323
-0.967677	0.353323
-0.967677	0.354310
-0.967677	0.354310
-0.967677	0.354310
-0.968844	0.354310
-0.968844	0.355298
-0.968844	0.355298
-0.968844	0.355298
-0.970009	0.355298
-0.970009	0.356287
-0.970009	0.356287
-0.970009	0.356287
-0.971174	0.356287
-0.971174	0.357278
-0.971174	0.357278
-0.971174	0.357278
-0.972337	0.357278
-0.972337	0.358270
-0.972337	0.358270
-0.972337	0.358270
-0.973500	0.358270
-0.973500	0.359263
-0.973500	0.359263
-0.973500	0.359263
-0.974662	0.359263
-0.974662	0.360258
-0.974662	0.360258
-0.974662	0.360258
-0.975824	0.360258
-0.975824	0.361254
-0.975824	0.361254
-0.975824	0.361254
-0.976984	0.361254
-0.976984	0.362251
-0.976984	0.362251
-0.976984	0.362251
-0.978144	0.362251
-0.978144	0.363250
-0.978144	0.363250
-0.978144	0.363250
-0.979302	0.363250
-0.979302	0.364250
-0.979302	0.364250
-0.979302	0.364250
-0.980460	0.364250
-0.980460	0.365251
-0.980460	0.365251
-0.980460	0.365251
-0.981617	0.365251
-0.981617	0.366254
-0.981617	0.366254
-0.981617	0.366254
-0.982773	0.366254
-0.982773	0.367258
-0.982773	0.367258
-0.982773	0.367258
-0.983929	0.367258
-0.983929	0.368263
-0.983929	0.368263
-0.983929	0.368263
-0.985083	0.368263
-0.985083	0.369270
-0.985083	0.369270
-0.985083	0.369270
-0.986237	0.369270
-0.986237	0.370278
-0.986237	0.370278
-0.986237	0.370278
-0.987389	0.370278
-0.987389	0.371287
-0.987389	0.371287
-0.987389	0.371287
-0.988541	0.371287
-0.988541	0.372298
-0.988541	0.372298
-0.988541	0.372298
-0.989692	0.372298
-0.989692	0.373310
-0.989692	0.373310
-0.989692	0.373310
-0.990842	0.373310
-0.990842	0.374323
-0.990842	0.374323
-0.990842	0.374323
-0.991992	0.374323
-0.991992	0.375338
-0.991992	0.375338
-0.991992	0.375338
-0.993140	0.375338
-0.993140	0.376354
-0.993140	0.376354
-0.993140	0.376354
-0.994287	0.376354
-0.994287	0.377371
-0.994287	0.377371
-0.994287	0.377371
-0.995434	0.377371
-0.995434	0.378389
-0.995434	0.378389
-0.995434	0.378389
-0.996580	0.378389
-0.996580	0.379409
-0.996580	0.379409
-0.996580	0.379409
-0.997724	0.379409
-0.997724	0.380430
-0.997724	0.380430
-0.997724	0.380430
-0.998868	0.380430
-0.998868	0.381453
-0.998868	0.381453
-0.998868	0.381453
-1.000011	0.381453
-1.000011	0.382477
-1.000011	0.382477
-1.000011	0.382477
-1.001154	0.382477
-1.001154	0.383502
-1.001154	0.383502
-1.001154	0.383502
-1.002295	0.383502
-1.002295	0.384528
-1.002295	0.384528
-1.002295	0.384528
-1.003435	0.384528
-1.003435	0.385556
-1.003435	0.385556
-1.003435	0.385556
-1.004575	0.385556
-1.004575	0.386585
-1.004575	0.386585
-1.004575	0.386585
-1.005713	0.386585
-1.005713	0.387616
-1.005713	0.387616
-1.005713	0.387616
-1.006851	0.387616
-1.006851	0.388647
-1.006851	0.388647
-1.006851	0.388647
-1.007988	0.388647
-1.007988	0.389680
-1.007988	0.389680
-1.007988	0.389680
-1.009123	0.389680
-1.009123	0.390715
-1.009123	0.390715
-1.009123	0.390715
-1.010258	0.390715
-1.010258	0.391750
-1.010258	0.391750
-1.010258	0.391750
-1.011392	0.391750
-1.011392	0.392787
-1.011392	0.392787
-1.011392	0.392787
-1.012526	0.392787
-1.012526	0.393825
-1.012526	0.393825
-1.012526	0.393825
-1.013658	0.393825
-1.013658	0.394865
-1.013658	0.394865
-1.013658	0.394865
-1.014789	0.394865
-1.014789	0.395906
-1.014789	0.395906
-1.014789	0.395906
-1.015919	0.395906
-1.015919	0.396948
-1.015919	0.396948
-1.015919	0.396948
-1.017049	0.396948
-1.017049	0.397991
-1.017049	0.397991
-1.017049	0.397991
-1.018177	0.397991
-1.018177	0.399036
-1.018177	0.399036
-1.018177	0.399036
-1.019305	0.399036
-1.019305	0.400082
-1.019305	0.400082
-1.019305	0.400082
-1.020432	0.400082
-1.020432	0.401129
-1.020432	0.401129
-1.020432	0.401129
-1.021557	0.401129
-1.021557	0.402178
-1.021557	0.402178
-1.021557	0.402178
-1.022682	0.402178
-1.022682	0.403228
-1.022682	0.403228
-1.022682	0.403228
-1.023806	0.403228
-1.023806	0.404279
-1.023806	0.404279
-1.023806	0.404279
-1.024929	0.404279
-1.024929	0.405332
